1.61347e-37	0	0.006596
1.61347e-37	0	0.015142
1.61347e-37	0	0.023636
1.61347e-37	0	0.031992
1.61347e-37	0	0.040451
1.61347e-37	0	0.048868
1.61347e-37	0	0.057294
1.61347e-37	0	0.065745
1.61347e-37	0	0.074471
1.61347e-37	0	0.082867
1.61347e-37	0	0.091241
1.61347e-37	0	0.099533
1.61347e-37	0	0.107967
1.61347e-37	0	0.116389
1.61347e-37	0	0.124891
-0.0555073	0.0145016	0.133387
-0.0555073	0.0145016	0.141803
-0.0555073	0.0145016	0.150278
-0.0555073	0.0145016	0.158683
-0.0555073	0.0145016	0.167457
-0.0555073	0.0145016	0.175972
-0.0555073	0.0145016	0.184328
-0.0555073	0.0145016	0.192738
-0.0555073	0.0145016	0.201247
-0.0818957	0.0606931	0.209672
-0.0818957	0.0606931	0.218111
-0.0818957	0.0606931	0.22647
-0.0818957	0.0606931	0.234907
-0.0818957	0.0606931	0.243389
-0.0818957	0.0606931	0.251836
-0.0818957	0.0606931	0.260295
-0.0818957	0.0606931	0.268622
-0.0818957	0.0606931	0.277131
-0.0818957	0.0606931	0.285547
-0.128696	0.133693	0.293947
-0.128696	0.133693	0.30246
-0.128696	0.133693	0.310864
-0.128696	0.133693	0.319306
-0.128696	0.133693	0.327761
-0.128696	0.133693	0.33619
-0.128696	0.133693	0.344638
-0.128696	0.133693	0.353047
-0.128696	0.133693	0.36154
-0.277515	0.395174	0.370077
-0.277515	0.395174	0.378433
-0.277515	0.395174	0.386842
-0.277515	0.395174	0.395237
-0.277515	0.395174	0.403564
-0.277515	0.395174	0.411977
-0.277515	0.395174	0.42048
-0.277515	0.395174	0.428828
-0.277515	0.395174	0.437306
-0.277515	0.395174	0.445766
-0.319625	0.516628	0.454303
-0.319625	0.516628	0.462789
-0.319625	0.516628	0.471178
-0.319625	0.516628	0.479551
-0.319625	0.516628	0.487942
-0.319625	0.516628	0.497069
-0.319625	0.516628	0.505421
-0.319625	0.516628	0.513842
-0.319625	0.516628	0.522245
-0.304153	0.504905	0.530693
-0.304153	0.504905	0.539213
-0.304153	0.504905	0.547601
-0.304153	0.504905	0.556027
-0.304153	0.504905	0.564457
-0.304153	0.504905	0.57293
-0.304153	0.504905	0.581319
-0.304153	0.504905	0.589781
-0.304153	0.504905	0.598173
-0.320771	0.510098	0.606636
-0.320771	0.510098	0.615135
-0.320771	0.510098	0.62357
-0.320771	0.510098	0.632056
-0.320771	0.510098	0.640366
-0.320771	0.510098	0.648708
-0.320771	0.510098	0.657228
-0.320771	0.510098	0.665603
-0.320771	0.510098	0.674114
-0.320771	0.510098	0.682646
-0.331083	0.497026	0.690935
-0.331083	0.497026	0.699452
-0.331083	0.497026	0.707955
-0.331083	0.497026	0.71633
-0.331083	0.497026	0.724845
-0.331083	0.497026	0.7333
-0.331083	0.497026	0.741839
-0.331083	0.497026	0.75035
-0.331083	0.497026	0.758691
-0.331644	0.492403	0.767075
-0.331644	0.492403	0.775516
-0.331644	0.492403	0.783964
-0.331644	0.492403	0.792388
-0.331644	0.492403	0.800681
-0.331644	0.492403	0.809097
-0.331644	0.492403	0.817447
-0.331644	0.492403	0.825847
-0.331644	0.492403	0.834528
-0.331644	0.492403	0.842963
-0.332156	0.493106	0.851424
-0.332156	0.493106	0.859932
-0.332156	0.493106	0.868352
-0.332156	0.493106	0.876811
-0.332156	0.493106	0.885223
-0.332156	0.493106	0.893633
-0.332156	0.493106	0.902124
-0.332156	0.493106	0.910541
-0.332156	0.493106	0.919003
-0.276605	0.48644	0.927292
-0.276605	0.48644	0.935739
-0.276605	0.48644	0.944152
-0.276605	0.48644	0.952563
-0.276605	0.48644	0.961038
-0.276605	0.48644	0.96939
-0.276605	0.48644	0.97781
-0.276605	0.48644	0.986299
-0.276605	0.48644	0.994866
-0.276605	0.48644	1.00334
-0.281798	0.498123	1.01172
-0.281798	0.498123	1.0201
-0.281798	0.498123	1.0286
-0.281798	0.498123	1.0369
-0.281798	0.498123	1.04531
-0.281798	0.498123	1.05382
-0.281798	0.498123	1.0623
-0.281798	0.498123	1.07073
-0.281798	0.498123	1.07903
-0.298834	0.52618	1.08752
-0.298834	0.52618	1.09591
-0.298834	0.52618	1.10436
-0.298834	0.52618	1.1128
-0.298834	0.52618	1.12109
-0.298834	0.52618	1.12946
-0.298834	0.52618	1.13804
-0.298834	0.52618	1.14634
-0.298834	0.52618	1.1549
-0.298834	0.52618	1.16331
-0.267042	0.55058	1.17167
-0.267042	0.55058	1.18006
-0.267042	0.55058	1.18839
-0.267042	0.55058	1.19681
-0.267042	0.55058	1.20525
-0.267042	0.55058	1.21371
-0.267042	0.55058	1.22205
-0.267042	0.55058	1.23058
-0.267042	0.55058	1.23909
-0.183861	0.596347	1.24742
-0.183861	0.596347	1.25577
-0.183861	0.596347	1.26398
-0.183861	0.596347	1.27225
-0.183861	0.596347	1.28063
-0.183861	0.596347	1.2891
-0.183861	0.596347	1.29761
-0.183861	0.596347	1.30613
-0.183861	0.596347	1.31465
-0.183861	0.596347	1.32323
-0.141382	0.591027	1.3317
-0.141382	0.591027	1.34015
-0.141382	0.591027	1.34847
-0.141382	0.591027	1.35697
-0.141382	0.591027	1.36535
-0.141382	0.591027	1.37366
-0.141382	0.591027	1.38204
-0.141382	0.591027	1.39036
-0.141382	0.591027	1.39868
-0.137567	0.596759	1.40714
-0.137567	0.596759	1.41564
-0.137567	0.596759	1.42407
-0.137567	0.596759	1.43245
-0.137567	0.596759	1.44097
-0.137567	0.596759	1.44929
-0.137567	0.596759	1.45774
-0.137567	0.596759	1.46611
-0.137567	0.596759	1.47451
-0.137567	0.596759	1.48298
-0.132849	0.604861	1.49132
-0.132849	0.604861	1.49972
-0.132849	0.604861	1.50808
-0.132849	0.604861	1.51642
-0.132849	0.604861	1.52483
-0.132849	0.604861	1.53324
-0.132849	0.604861	1.54177
-0.132849	0.604861	1.55009
-0.132849	0.604861	1.55839
-0.129034	0.607925	1.56682
-0.129034	0.607925	1.57523
-0.129034	0.607925	1.58369
-0.129034	0.607925	1.5922
-0.129034	0.607925	1.60052
-0.129034	0.607925	1.60899
-0.129034	0.607925	1.61747
-0.129034	0.607925	1.62587
-0.129034	0.607925	1.63437
-0.129034	0.607925	1.6429
-0.127761	0.612024	1.65133
-0.127761	0.612024	1.65975
-0.127761	0.612024	1.6681
-0.127761	0.612024	1.67651
-0.127761	0.612024	1.68511
-0.127761	0.612024	1.69358
-0.127761	0.612024	1.70212
-0.127761	0.612024	1.7106
-0.127761	0.612024	1.71908
-0.234551	0.560571	1.72747
-0.234551	0.560571	1.73584
-0.234551	0.560571	1.74431
-0.234551	0.560571	1.75267
-0.234551	0.560571	1.76113
-0.234551	0.560571	1.76986
-0.234551	0.560571	1.77836
-0.234551	0.560571	1.78679
-0.234551	0.560571	1.79567
-0.234551	0.560571	1.80407
-0.463787	0.599719	1.81251
-0.463787	0.599719	1.82085
-0.463787	0.599719	1.82928
-0.463787	0.599719	1.83766
-0.463787	0.599719	1.84614
-0.463787	0.599719	1.85461
-0.463787	0.599719	1.86308
-0.463787	0.599719	1.87156
-0.463787	0.599719	1.87996
-0.429885	0.642361	1.88831
-0.429885	0.642361	1.89674
-0.429885	0.642361	1.90531
-0.429885	0.642361	1.91369
-0.429885	0.642361	1.92203
-0.429885	0.642361	1.93042
-0.429885	0.642361	1.93883
-0.429885	0.642361	1.94731
-0.429885	0.642361	1.95579
-0.429885	0.642361	1.96419
-0.408155	0.691213	1.97266
-0.408155	0.691213	1.98095
-0.408155	0.691213	1.98932
-0.408155	0.691213	1.99776
-0.408155	0.691213	2.00621
-0.408155	0.691213	2.01475
-0.408155	0.691213	2.02336
-0.408155	0.691213	2.03186
-0.408155	0.691213	2.0403
-0.397997	0.710134	2.04862
-0.397997	0.710134	2.05711
-0.397997	0.710134	2.06557
-0.397997	0.710134	2.07395
-0.397997	0.710134	2.08237
-0.397997	0.710134	2.09078
-0.397997	0.710134	2.09906
-0.397997	0.710134	2.10747
-0.397997	0.710134	2.11596
-0.397997	0.710134	2.12445
-0.402101	0.690111	2.13293
-0.402101	0.690111	2.14155
-0.402101	0.690111	2.15001
-0.402101	0.690111	2.15836
-0.402101	0.690111	2.16683
-0.402101	0.690111	2.17529
-0.402101	0.690111	2.18378
-0.402101	0.690111	2.19223
-0.402101	0.690111	2.20071
-0.428566	0.652506	2.20904
-0.428566	0.652506	2.21751
-0.428566	0.652506	2.22601
-0.428566	0.652506	2.23438
-0.428566	0.652506	2.24274
-0.428566	0.652506	2.2512
-0.428566	0.652506	2.25962
-0.428566	0.652506	2.26805
-0.428566	0.652506	2.27638
-0.428566	0.652506	2.2849
-0.439164	0.637672	2.29334
-0.439164	0.637672	2.30177
-0.439164	0.637672	2.31022
-0.439164	0.637672	2.31855
-0.439164	0.637672	2.32709
-0.439164	0.637672	2.33546
-0.439164	0.637672	2.3438
-0.439164	0.637672	2.35225
-0.439164	0.637672	2.3606
-0.42738	0.642347	2.3691
-0.42738	0.642347	2.37756
-0.42738	0.642347	2.38601
-0.42738	0.642347	2.39435
-0.42738	0.642347	2.40278
-0.42738	0.642347	2.4114
-0.42738	0.642347	2.41993
-0.42738	0.642347	2.42841
-0.42738	0.642347	2.43683
-0.42738	0.642347	2.4453
-0.417935	0.65597	2.45375
-0.417935	0.65597	2.4623
-0.417935	0.65597	2.47073
-0.417935	0.65597	2.47916
-0.417935	0.65597	2.4875
-0.417935	0.65597	2.49596
-0.417935	0.65597	2.50452
-0.417935	0.65597	2.51294
-0.417935	0.65597	2.52134
-0.367686	0.690738	2.52969
-0.367686	0.690738	2.53812
-0.367686	0.690738	2.54663
-0.367686	0.690738	2.55501
-0.367686	0.690738	2.56342
-0.367686	0.690738	2.57185
-0.367686	0.690738	2.58021
-0.367686	0.690738	2.58855
-0.367686	0.690738	2.59711
-0.367686	0.690738	2.60551
-0.377443	0.691834	2.61382
-0.377443	0.691834	2.62224
-0.377443	0.691834	2.63048
-0.377443	0.691834	2.63895
-0.377443	0.691834	2.64755
-0.377443	0.691834	2.65602
-0.377443	0.691834	2.66446
-0.377443	0.691834	2.67294
-0.377443	0.691834	2.68123
-0.394034	0.706892	2.68982
-0.394034	0.706892	2.69819
-0.394034	0.706892	2.70676
-0.394034	0.706892	2.71515
-0.394034	0.706892	2.72353
-0.394034	0.706892	2.73195
-0.394034	0.706892	2.74028
-0.394034	0.706892	2.74856
-0.394034	0.706892	2.7569
-0.394034	0.706892	2.76521
-0.295599	0.723389	2.77355
-0.295599	0.723389	2.78194
-0.295599	0.723389	2.79027
-0.295599	0.723389	2.79871
-0.295599	0.723389	2.80717
-0.295599	0.723389	2.81561
-0.295599	0.723389	2.82408
-0.295599	0.723389	2.8325
-0.295599	0.723389	2.84086
-0.254818	0.671867	2.84928
-0.254818	0.671867	2.8577
-0.254818	0.671867	2.86624
-0.254818	0.671867	2.87464
-0.254818	0.671867	2.88301
-0.254818	0.671867	2.89147
-0.254818	0.671867	2.89999
-0.254818	0.671867	2.90845
-0.254818	0.671867	2.91698
-0.254818	0.671867	2.92552
-0.256695	0.682881	2.93398
-0.256695	0.682881	2.94262
-0.256695	0.682881	2.95108
-0.256695	0.682881	2.95955
-0.256695	0.682881	2.96808
-0.256695	0.682881	2.97663
-0.256695	0.682881	2.98505
-0.256695	0.682881	2.99344
-0.256695	0.682881	3.00175
-0.25632	0.684186	3.01025
-0.25632	0.684186	3.01879
-0.25632	0.684186	3.02716
-0.25632	0.684186	3.0356
-0.25632	0.684186	3.04401
-0.25632	0.684186	3.05264
-0.25632	0.684186	3.06109
-0.25632	0.684186	3.06954
-0.25632	0.684186	3.07816
-0.257	0.685314	3.08666
-0.257	0.685314	3.09507
-0.257	0.685314	3.10352
-0.257	0.685314	3.11207
-0.257	0.685314	3.12045
-0.257	0.685314	3.12889
-0.257	0.685314	3.13734
-0.257	0.685314	3.14579
-0.257	0.685314	3.15419
-0.257	0.685314	3.16248
-0.25724	0.686354	3.17091
-0.25724	0.686354	3.17937
-0.25724	0.686354	3.18784
-0.25724	0.686354	3.19623
-0.25724	0.686354	3.20474
-0.25724	0.686354	3.21316
-0.25724	0.686354	3.22177
-0.25724	0.686354	3.23038
-0.25724	0.686354	3.23869
-0.249732	0.685857	3.24712
-0.249732	0.685857	3.25555
-0.249732	0.685857	3.26403
-0.249732	0.685857	3.2724
-0.249732	0.685857	3.28093
-0.249732	0.685857	3.28956
-0.249732	0.685857	3.29803
-0.249732	0.685857	3.3066
-0.249732	0.685857	3.31495
-0.249732	0.685857	3.3234
-0.325068	0.77057	3.3319
-0.325068	0.77057	3.3403
-0.325068	0.77057	3.34872
-0.325068	0.77057	3.35715
-0.325068	0.77057	3.36562
-0.325068	0.77057	3.37401
-0.325068	0.77057	3.3824
-0.325068	0.77057	3.39104
-0.325068	0.77057	3.39968
-0.478821	1.00124	3.40818
-0.478821	1.00124	3.41676
-0.478821	1.00124	3.4253
-0.478821	1.00124	3.43387
-0.478821	1.00124	3.44247
-0.478821	1.00124	3.4511
-0.478821	1.00124	3.45971
-0.478821	1.00124	3.46819
-0.478821	1.00124	3.47679
-0.478821	1.00124	3.48532
-0.493192	1.11683	3.49375
-0.493192	1.11683	3.5022
-0.493192	1.11683	3.51063
-0.493192	1.11683	3.51897
-0.493192	1.11683	3.52754
-0.493192	1.11683	3.53604
-0.493192	1.11683	3.5446
-0.493192	1.11683	3.55323
-0.493192	1.11683	3.56174
-0.484126	1.14353	3.57031
-0.484126	1.14353	3.57889
-0.484126	1.14353	3.58742
-0.484126	1.14353	3.59592
-0.484126	1.14353	3.60437
-0.484126	1.14353	3.61292
-0.484126	1.14353	3.62161
-0.484126	1.14353	3.63009
-0.484126	1.14353	3.6386
-0.48917	1.10914	3.64722
-0.48917	1.10914	3.65587
-0.48917	1.10914	3.66431
-0.48917	1.10914	3.67279
-0.48917	1.10914	3.68127
-0.48917	1.10914	3.68969
-0.48917	1.10914	3.69818
-0.48917	1.10914	3.70655
-0.48917	1.10914	3.71498
-0.48917	1.10914	3.72343
-0.509289	1.06652	3.73203
-0.509289	1.06652	3.74046
-0.509289	1.06652	3.74899
-0.509289	1.06652	3.75746
-0.509289	1.06652	3.7659
-0.509289	1.06652	3.7743
-0.509289	1.06652	3.78277
-0.509289	1.06652	3.79109
-0.509289	1.06652	3.7994
-0.508633	1.06467	3.80779
-0.508633	1.06467	3.8162
-0.508633	1.06467	3.8247
-0.508633	1.06467	3.83304
-0.508633	1.06467	3.84146
-0.508633	1.06467	3.84991
-0.508633	1.06467	3.85838
-0.508633	1.06467	3.86691
-0.508633	1.06467	3.87537
-0.508633	1.06467	3.88394
-0.498805	1.07748	3.89228
-0.498805	1.07748	3.9006
-0.498805	1.07748	3.90906
-0.498805	1.07748	3.91744
-0.498805	1.07748	3.92597
-0.498805	1.07748	3.93443
-0.498805	1.07748	3.94285
-0.498805	1.07748	3.95124
-0.498805	1.07748	3.95957
-0.484256	1.09046	3.96812
-0.484256	1.09046	3.97641
-0.484256	1.09046	3.98484
-0.484256	1.09046	3.99335
-0.484256	1.09046	4.0018
-0.484256	1.09046	4.01027
-0.484256	1.09046	4.01866
-0.484256	1.09046	4.02717
-0.484256	1.09046	4.03564
-0.484256	1.09046	4.0441
-0.455301	1.12776	4.05251
-0.455301	1.12776	4.06097
-0.455301	1.12776	4.0694
-0.455301	1.12776	4.07779
-0.455301	1.12776	4.08642
-0.455301	1.12776	4.0948
-0.455301	1.12776	4.10324
-0.455301	1.12776	4.11172
-0.455301	1.12776	4.12008
-0.469856	1.1253	4.12841
-0.469856	1.1253	4.13692
-0.469856	1.1253	4.14531
-0.469856	1.1253	4.15377
-0.469856	1.1253	4.16215
-0.469856	1.1253	4.17051
-0.469856	1.1253	4.17899
-0.469856	1.1253	4.18741
-0.469856	1.1253	4.196
-0.469856	1.1253	4.20436
-0.494329	1.12734	4.21278
-0.494329	1.12734	4.22133
-0.494329	1.12734	4.22979
-0.494329	1.12734	4.23814
-0.494329	1.12734	4.2465
-0.494329	1.12734	4.25486
-0.494329	1.12734	4.26325
-0.494329	1.12734	4.2716
-0.494329	1.12734	4.27996
-0.450482	1.16009	4.28829
-0.450482	1.16009	4.29669
-0.450482	1.16009	4.3052
-0.450482	1.16009	4.31351
-0.450482	1.16009	4.32184
-0.450482	1.16009	4.33033
-0.450482	1.16009	4.33876
-0.450482	1.16009	4.34723
-0.450482	1.16009	4.35571
-0.450482	1.16009	4.36409
-0.383834	1.24625	4.37252
-0.383834	1.24625	4.38092
-0.383834	1.24625	4.38921
-0.383834	1.24625	4.39795
-0.383834	1.24625	4.40653
-0.383834	1.24625	4.41496
-0.383834	1.24625	4.4235
-0.383834	1.24625	4.43203
-0.383834	1.24625	4.44051
-0.354074	1.27116	4.44893
-0.354074	1.27116	4.4573
-0.354074	1.27116	4.46577
-0.354074	1.27116	4.47425
-0.354074	1.27116	4.48257
-0.354074	1.27116	4.49094
-0.354074	1.27116	4.49924
-0.354074	1.27116	4.50769
-0.354074	1.27116	4.51612
-0.354074	1.27116	4.52447
-0.353903	1.27913	4.53301
-0.353903	1.27913	4.54158
-0.353903	1.27913	4.54993
-0.353903	1.27913	4.55848
-0.353903	1.27913	4.56691
-0.353903	1.27913	4.57536
-0.353903	1.27913	4.58392
-0.353903	1.27913	4.59237
-0.353903	1.27913	4.60075
-0.35441	1.28419	4.6091
-0.35441	1.28419	4.61774
-0.35441	1.28419	4.62617
-0.35441	1.28419	4.63473
-0.35441	1.28419	4.64332
-0.35441	1.28419	4.65186
-0.35441	1.28419	4.66053
-0.35441	1.28419	4.66911
-0.35441	1.28419	4.67763
-0.35441	1.28419	4.68615
-0.353153	1.28752	4.69472
-0.353153	1.28752	4.70317
-0.353153	1.28752	4.71159
-0.353153	1.28752	4.71997
-0.353153	1.28752	4.72826
-0.353153	1.28752	4.73673
-0.353153	1.28752	4.74523
-0.353153	1.28752	4.7537
-0.353153	1.28752	4.76226
-0.353429	1.29161	4.7708
-0.353429	1.29161	4.77925
-0.353429	1.29161	4.78767
-0.353429	1.29161	4.796
-0.353429	1.29161	4.80445
-0.353429	1.29161	4.8131
-0.353429	1.29161	4.82143
-0.353429	1.29161	4.82989
-0.353429	1.29161	4.8383
-0.452395	1.32063	4.84668
-0.452395	1.32063	4.85512
-0.452395	1.32063	4.86346
-0.452395	1.32063	4.87198
-0.452395	1.32063	4.8806
-0.452395	1.32063	4.88889
-0.452395	1.32063	4.89754
-0.452395	1.32063	4.90604
-0.452395	1.32063	4.91445
-0.452395	1.32063	4.923
-0.592003	1.25503	4.9314
-0.592003	1.25503	4.93991
-0.592003	1.25503	4.94825
-0.592003	1.25503	4.95668
-0.592003	1.25503	4.96515
-0.592003	1.25503	4.97363
-0.592003	1.25503	4.98216
-0.592003	1.25503	4.99057
-0.592003	1.25503	4.99904
-0.564339	1.20565	5.00748
-0.564339	1.20565	5.01595
-0.564339	1.20565	5.02428
-0.564339	1.20565	5.03277
-0.564339	1.20565	5.04133
-0.564339	1.20565	5.04981
-0.564339	1.20565	5.05835
-0.564339	1.20565	5.06681
-0.564339	1.20565	5.07526
-0.564339	1.20565	5.08365
-0.53423	1.1187	5.0921
-0.53423	1.1187	5.10062
-0.53423	1.1187	5.1091
-0.53423	1.1187	5.11748
-0.53423	1.1187	5.12586
-0.53423	1.1187	5.13412
-0.53423	1.1187	5.14245
-0.53423	1.1187	5.15085
-0.53423	1.1187	5.15924
-0.574631	1.09375	5.1676
-0.574631	1.09375	5.17607
-0.574631	1.09375	5.18443
-0.574631	1.09375	5.19288
-0.574631	1.09375	5.20144
-0.574631	1.09375	5.20992
-0.574631	1.09375	5.22158
-0.574631	1.09375	5.23
-0.574631	1.09375	5.23839
-0.578273	1.1272	5.24689
-0.578273	1.1272	5.25526
-0.578273	1.1272	5.26382
-0.578273	1.1272	5.27228
-0.578273	1.1272	5.28062
-0.578273	1.1272	5.28909
-0.578273	1.1272	5.29751
-0.578273	1.1272	5.30601
-0.578273	1.1272	5.31445
-0.578273	1.1272	5.32289
-0.559401	1.15501	5.33139
-0.559401	1.15501	5.3399
-0.559401	1.15501	5.34822
-0.559401	1.15501	5.3567
-0.559401	1.15501	5.36507
-0.559401	1.15501	5.37349
-0.559401	1.15501	5.38199
-0.559401	1.15501	5.39033
-0.559401	1.15501	5.39872
-0.558562	1.15568	5.40713
-0.558562	1.15568	5.41561
-0.558562	1.15568	5.42407
-0.558562	1.15568	5.43261
-0.558562	1.15568	5.44114
-0.558562	1.15568	5.4496
-0.558562	1.15568	5.45814
-0.558562	1.15568	5.46666
-0.558562	1.15568	5.47524
-0.558562	1.15568	5.48378
-0.565334	1.14364	5.49212
-0.565334	1.14364	5.50059
-0.565334	1.14364	5.50901
-0.565334	1.14364	5.51729
-0.565334	1.14364	5.52566
-0.565334	1.14364	5.53414
-0.565334	1.14364	5.54254
-0.565334	1.14364	5.55099
-0.565334	1.14364	5.5594
-0.584153	1.12643	5.5679
-0.584153	1.12643	5.5763
-0.584153	1.12643	5.58479
-0.584153	1.12643	5.5932
-0.584153	1.12643	5.60166
-0.584153	1.12643	5.61006
-0.584153	1.12643	5.61839
-0.584153	1.12643	5.62681
-0.584153	1.12643	5.63516
-0.584153	1.12643	5.64357
-0.489709	1.15796	5.65215
-0.489709	1.15796	5.6606
-0.489709	1.15796	5.66905
-0.489709	1.15796	5.67756
-0.489709	1.15796	5.68606
-0.489709	1.15796	5.6945
-0.489709	1.15796	5.70302
-0.489709	1.15796	5.71148
-0.489709	1.15796	5.72004
-0.523244	1.16975	5.72835
-0.523244	1.16975	5.73684
-0.523244	1.16975	5.74523
-0.523244	1.16975	5.75378
-0.523244	1.16975	5.76215
-0.523244	1.16975	5.77048
-0.523244	1.16975	5.77886
-0.523244	1.16975	5.78733
-0.523244	1.16975	5.79577
-0.523244	1.16975	5.80421
-0.538678	1.17583	5.81265
-0.538678	1.17583	5.82094
-0.538678	1.17583	5.82922
-0.538678	1.17583	5.83766
-0.538678	1.17583	5.84603
-0.538678	1.17583	5.85447
-0.538678	1.17583	5.86285
-0.538678	1.17583	5.87136
-0.538678	1.17583	5.87977
-0.515942	1.21581	5.88818
-0.515942	1.21581	5.89663
-0.515942	1.21581	5.9051
-0.515942	1.21581	5.91347
-0.515942	1.21581	5.92178
-0.515942	1.21581	5.93015
-0.515942	1.21581	5.93842
-0.515942	1.21581	5.94681
-0.515942	1.21581	5.95531
-0.515942	1.21581	5.96366
-0.500514	1.25723	5.97212
-0.500514	1.25723	5.98045
-0.500514	1.25723	5.98876
-0.500514	1.25723	5.99717
-0.500514	1.25723	6.00554
-0.500514	1.25723	6.01403
-0.500514	1.25723	6.02268
-0.500514	1.25723	6.03107
-0.500514	1.25723	6.03935
-0.504173	1.25878	6.04779
-0.504173	1.25878	6.05631
-0.504173	1.25878	6.06493
-0.504173	1.25878	6.07357
-0.504173	1.25878	6.08217
-0.504173	1.25878	6.09072
-0.504173	1.25878	6.09906
-0.504173	1.25878	6.10754
-0.504173	1.25878	6.11591
-0.504173	1.25878	6.12463
-0.502539	1.25933	6.13319
-0.502539	1.25933	6.14155
-0.502539	1.25933	6.14993
-0.502539	1.25933	6.15837
-0.502539	1.25933	6.16687
-0.502539	1.25933	6.17544
-0.502539	1.25933	6.18411
-0.502539	1.25933	6.19267
-0.502539	1.25933	6.20117
-0.504777	1.26123	6.20968
-0.504777	1.26123	6.21821
-0.504777	1.26123	6.22659
-0.504777	1.26123	6.2351
-0.504777	1.26123	6.2436
-0.504777	1.26123	6.25207
-0.504777	1.26123	6.26043
-0.504777	1.26123	6.26875
-0.504777	1.26123	6.2773
-0.504777	1.26123	6.28581
-0.511362	1.26426	6.29431
-0.511362	1.26426	6.30267
-0.511362	1.26426	6.31098
-0.511362	1.26426	6.31937
-0.511362	1.26426	6.32792
-0.511362	1.26426	6.33634
-0.511362	1.26426	6.34475
-0.511362	1.26426	6.35322
-0.511362	1.26426	6.36164
-0.439585	1.24492	6.37003
-0.439585	1.24492	6.37852
-0.439585	1.24492	6.38704
-0.439585	1.24492	6.39537
-0.439585	1.24492	6.40412
-0.439585	1.24492	6.41254
-0.439585	1.24492	6.42098
-0.439585	1.24492	6.42943
-0.439585	1.24492	6.43785
-0.439585	1.24492	6.44633
-0.565509	1.23235	6.4547
-0.565509	1.23235	6.46312
-0.565509	1.23235	6.47159
-0.565509	1.23235	6.48005
-0.565509	1.23235	6.48843
-0.565509	1.23235	6.49695
-0.565509	1.23235	6.50532
-0.565509	1.23235	6.5137
-0.565509	1.23235	6.52223
-0.851182	1.23809	6.53074
-0.851182	1.23809	6.53918
-0.851182	1.23809	6.54761
-0.851182	1.23809	6.55602
-0.851182	1.23809	6.56447
-0.851182	1.23809	6.57289
-0.851182	1.23809	6.58139
-0.851182	1.23809	6.5897
-0.851182	1.23809	6.59816
-0.956658	1.25816	6.60668
-0.956658	1.25816	6.61516
-0.956658	1.25816	6.6235
-0.956658	1.25816	6.63198
-0.956658	1.25816	6.64038
-0.956658	1.25816	6.64883
-0.956658	1.25816	6.65731
-0.956658	1.25816	6.66583
-0.956658	1.25816	6.67427
-0.956658	1.25816	6.68281
-0.956783	1.28221	6.69124
-0.956783	1.28221	6.69961
-0.956783	1.28221	6.70807
-0.956783	1.28221	6.71651
-0.956783	1.28221	6.72507
-0.956783	1.28221	6.73348
-0.956783	1.28221	6.7419
-0.956783	1.28221	6.75033
-0.956783	1.28221	6.75874
-0.956403	1.28249	6.76712
-0.956403	1.28249	6.77557
-0.956403	1.28249	6.78404
-0.956403	1.28249	6.79252
-0.956403	1.28249	6.80133
-0.956403	1.28249	6.80972
-0.956403	1.28249	6.81828
-0.956403	1.28249	6.82685
-0.956403	1.28249	6.83527
-0.956403	1.28249	6.84369
-0.955449	1.26606	6.85205
-0.955449	1.26606	6.86049
-0.955449	1.26606	6.86889
-0.955449	1.26606	6.87741
-0.955449	1.26606	6.88588
-0.955449	1.26606	6.89417
-0.955449	1.26606	6.90269
-0.955449	1.26606	6.91124
-0.955449	1.26606	6.91976
-0.955449	1.26606	6.92812
-0.953583	1.26467	6.93672
-0.953583	1.26467	6.94511
-0.953583	1.26467	6.95356
-0.953583	1.26467	6.96223
-0.953583	1.26467	6.97066
-0.953583	1.26467	6.97899
-0.953583	1.26467	6.98738
-0.953583	1.26467	6.9958
-0.953583	1.26467	7.00412
-0.952254	1.27283	7.01257
-0.952254	1.27283	7.02099
-0.952254	1.27283	7.02934
-0.952254	1.27283	7.03775
-0.952254	1.27283	7.04629
-0.952254	1.27283	7.05457
-0.952254	1.27283	7.06303
-0.952254	1.27283	7.07157
-0.952254	1.27283	7.08008
-0.952254	1.27283	7.08851
-0.954577	1.26275	7.09691
-0.954577	1.26275	7.1053
-0.954577	1.26275	7.11373
-0.954577	1.26275	7.1221
-0.954577	1.26275	7.13043
-0.954577	1.26275	7.13872
-0.954577	1.26275	7.14711
-0.954577	1.26275	7.1556
-0.954577	1.26275	7.16401
-0.898847	1.31085	7.1724
-0.898847	1.31085	7.18083
-0.898847	1.31085	7.18914
-0.898847	1.31085	7.19761
-0.898847	1.31085	7.20605
-0.898847	1.31085	7.21449
-0.898847	1.31085	7.22287
-0.898847	1.31085	7.23122
-0.898847	1.31085	7.23947
-0.898847	1.31085	7.24789
-0.923259	1.31136	7.25629
-0.923259	1.31136	7.26474
-0.923259	1.31136	7.27325
-0.923259	1.31136	7.28185
-0.923259	1.31136	7.29042
-0.923259	1.31136	7.29876
-0.923259	1.31136	7.3071
-0.923259	1.31136	7.31549
-0.923259	1.31136	7.32401
-0.953383	1.30921	7.33249
-0.953383	1.30921	7.34116
-0.953383	1.30921	7.34975
-0.953383	1.30921	7.35813
-0.953383	1.30921	7.36665
-0.953383	1.30921	7.37502
-0.953383	1.30921	7.38345
-0.953383	1.30921	7.39196
-0.953383	1.30921	7.40035
-0.953383	1.30921	7.40871
-0.967278	1.38337	7.41722
-0.967278	1.38337	7.42579
-0.967278	1.38337	7.43412
-0.967278	1.38337	7.4426
-0.967278	1.38337	7.45096
-0.967278	1.38337	7.45929
-0.967278	1.38337	7.46778
-0.967278	1.38337	7.47617
-0.967278	1.38337	7.4845
-0.969573	1.38173	7.49286
-0.969573	1.38173	7.50121
-0.969573	1.38173	7.50969
-0.969573	1.38173	7.51813
-0.969573	1.38173	7.52653
-0.969573	1.38173	7.53496
-0.969573	1.38173	7.54353
-0.969573	1.38173	7.55202
-0.969573	1.38173	7.56039
-0.969573	1.38173	7.569
-0.961338	1.38242	7.5774
-0.961338	1.38242	7.58584
-0.961338	1.38242	7.5942
-0.961338	1.38242	7.60252
-0.961338	1.38242	7.61089
-0.961338	1.38242	7.61921
-0.961338	1.38242	7.62783
-0.961338	1.38242	7.63613
-0.961338	1.38242	7.64454
-0.934089	1.38745	7.65299
-0.934089	1.38745	7.66133
-0.934089	1.38745	7.66963
-0.934089	1.38745	7.678
-0.934089	1.38745	7.6864
-0.934089	1.38745	7.6948
-0.934089	1.38745	7.70315
-0.934089	1.38745	7.71155
-0.934089	1.38745	7.71993
-0.934089	1.38745	7.72824
-0.908219	1.39421	7.73676
-0.908219	1.39421	7.74513
-0.908219	1.39421	7.75355
-0.908219	1.39421	7.76197
-0.908219	1.39421	7.77035
-0.908219	1.39421	7.77866
-0.908219	1.39421	7.78707
-0.908219	1.39421	7.79554
-0.908219	1.39421	7.80389
-0.906744	1.39611	7.81242
-0.906744	1.39611	7.82081
-0.906744	1.39611	7.82911
-0.906744	1.39611	7.83746
-0.906744	1.39611	7.846
-0.906744	1.39611	7.85451
-0.906744	1.39611	7.86312
-0.906744	1.39611	7.87163
-0.906744	1.39611	7.88013
-0.906744	1.39611	7.88847
-0.907522	1.39633	7.89686
-0.907522	1.39633	7.90538
-0.907522	1.39633	7.91392
-0.907522	1.39633	7.92223
-0.907522	1.39633	7.93062
-0.907522	1.39633	7.93895
-0.907522	1.39633	7.94744
-0.907522	1.39633	7.9558
-0.907522	1.39633	7.96425
-0.908197	1.26661	7.97272
-0.908197	1.26661	7.98126
-0.908197	1.26661	7.9896
-0.908197	1.26661	7.998
-0.908197	1.26661	8.00648
-0.908197	1.26661	8.01479
-0.908197	1.26661	8.02322
-0.908197	1.26661	8.03167
-0.908197	1.26661	8.04008
-0.908197	1.26661	8.0484
-0.919989	1.14711	8.05683
-0.919989	1.14711	8.06528
-0.919989	1.14711	8.07373
-0.919989	1.14711	8.08223
-0.919989	1.14711	8.09076
-0.919989	1.14711	8.09917
-0.919989	1.14711	8.10748
-0.919989	1.14711	8.11605
-0.919989	1.14711	8.12464
-1.00874	0.955052	8.13318
-1.00874	0.955052	8.14163
-1.00874	0.955052	8.1501
-1.00874	0.955052	8.15857
-1.00874	0.955052	8.16712
-1.00874	0.955052	8.17563
-1.00874	0.955052	8.18419
-1.00874	0.955052	8.19279
-1.00874	0.955052	8.20133
-1.00874	0.955052	8.20967
-1.10674	0.960457	8.21811
-1.10674	0.960457	8.22661
-1.10674	0.960457	8.2352
-1.10674	0.960457	8.24377
-1.10674	0.960457	8.25218
-1.10674	0.960457	8.26063
-1.10674	0.960457	8.269
-1.10674	0.960457	8.2775
-1.10674	0.960457	8.28593
-1.15585	0.951425	8.29426
-1.15585	0.951425	8.30268
-1.15585	0.951425	8.31107
-1.15585	0.951425	8.31949
-1.15585	0.951425	8.32789
-1.15585	0.951425	8.33639
-1.15585	0.951425	8.34481
-1.15585	0.951425	8.35318
-1.15585	0.951425	8.36162
-1.17272	0.935616	8.37004
-1.17272	0.935616	8.37854
-1.17272	0.935616	8.38714
-1.17272	0.935616	8.39562
-1.17272	0.935616	8.40426
-1.17272	0.935616	8.41283
-1.17272	0.935616	8.4214
-1.17272	0.935616	8.42985
-1.17272	0.935616	8.43828
-1.17272	0.935616	8.44672
-1.16682	0.946159	8.45507
-1.16682	0.946159	8.46346
-1.16682	0.946159	8.47207
-1.16682	0.946159	8.48051
-1.16682	0.946159	8.48893
-1.16682	0.946159	8.49737
-1.16682	0.946159	8.50575
-1.16682	0.946159	8.51422
-1.16682	0.946159	8.52288
-1.11154	0.969478	8.53149
-1.11154	0.969478	8.54002
-1.11154	0.969478	8.54865
-1.11154	0.969478	8.55729
-1.11154	0.969478	8.56588
-1.11154	0.969478	8.57443
-1.11154	0.969478	8.58309
-1.11154	0.969478	8.59156
-1.11154	0.969478	8.6002
-1.11154	0.969478	8.60883
-1.09769	0.977018	8.61748
-1.09769	0.977018	8.62604
-1.09769	0.977018	8.63456
-1.09769	0.977018	8.64311
-1.09769	0.977018	8.65164
-1.09769	0.977018	8.66002
-1.09769	0.977018	8.66843
-1.09769	0.977018	8.67696
-1.09769	0.977018	8.68533
-1.10636	0.972702	8.69381
-1.10636	0.972702	8.70238
-1.10636	0.972702	8.71068
-1.10636	0.972702	8.71922
-1.10636	0.972702	8.7277
-1.10636	0.972702	8.73606
-1.10636	0.972702	8.74452
-1.10636	0.972702	8.75296
-1.10636	0.972702	8.76126
-1.10636	0.972702	8.76972
-1.20049	1.00742	8.77812
-1.20049	1.00742	8.78655
-1.20049	1.00742	8.79511
-1.20049	1.00742	8.80357
-1.20049	1.00742	8.81195
-1.20049	1.00742	8.82045
-1.20049	1.00742	8.82883
-1.20049	1.00742	8.83712
-1.20049	1.00742	8.84572
-1.18993	0.98399	8.85425
-1.18993	0.98399	8.86266
-1.18993	0.98399	8.87112
-1.18993	0.98399	8.87954
-1.18993	0.98399	8.8879
-1.18993	0.98399	8.89633
-1.18993	0.98399	8.90475
-1.18993	0.98399	8.91327
-1.18993	0.98399	8.92167
-1.1842	0.962211	8.93018
-1.1842	0.962211	8.93863
-1.1842	0.962211	8.94703
-1.1842	0.962211	8.95542
-1.1842	0.962211	8.96372
-1.1842	0.962211	8.97205
-1.1842	0.962211	8.9805
-1.1842	0.962211	8.98914
-1.1842	0.962211	8.99776
-1.1842	0.962211	9.00618
-1.2405	0.947713	9.01463
-1.2405	0.947713	9.0232
-1.2405	0.947713	9.03158
-1.2405	0.947713	9.04
-1.2405	0.947713	9.0483
-1.2405	0.947713	9.05675
-1.2405	0.947713	9.06526
-1.2405	0.947713	9.07365
-1.2405	0.947713	9.0822
-1.33333	0.933556	9.09053
-1.33333	0.933556	9.09911
-1.33333	0.933556	9.10754
-1.33333	0.933556	9.11603
-1.33333	0.933556	9.12455
-1.33333	0.933556	9.13302
-1.33333	0.933556	9.14132
-1.33333	0.933556	9.14973
-1.33333	0.933556	9.15821
-1.33333	0.933556	9.16666
-1.34999	0.942439	9.17507
-1.34999	0.942439	9.18343
-1.34999	0.942439	9.1918
-1.34999	0.942439	9.20016
-1.34999	0.942439	9.20862
-1.34999	0.942439	9.21693
-1.34999	0.942439	9.2255
-1.34999	0.942439	9.23394
-1.34999	0.942439	9.24237
-1.37167	0.954649	9.25074
-1.37167	0.954649	9.25919
-1.37167	0.954649	9.26755
-1.37167	0.954649	9.27594
-1.37167	0.954649	9.28429
-1.37167	0.954649	9.29268
-1.37167	0.954649	9.30104
-1.37167	0.954649	9.30939
-1.37167	0.954649	9.31782
-1.37167	0.954649	9.32639
-1.37593	0.950193	9.33476
-1.37593	0.950193	9.34312
-1.37593	0.950193	9.35148
-1.37593	0.950193	9.35978
-1.37593	0.950193	9.3682
-1.37593	0.950193	9.3766
-1.37593	0.950193	9.38497
-1.37593	0.950193	9.39343
-1.37593	0.950193	9.40203
-1.37701	0.94747	9.41043
-1.37701	0.94747	9.41899
-1.37701	0.94747	9.42781
-1.37701	0.94747	9.43639
-1.37701	0.94747	9.44487
-1.37701	0.94747	9.45325
-1.37701	0.94747	9.46163
-1.37701	0.94747	9.47008
-1.37701	0.94747	9.47842
-1.37701	0.94747	9.48689
-1.37756	0.944561	9.49536
-1.37756	0.944561	9.50371
-1.37756	0.944561	9.51202
-1.37756	0.944561	9.52045
-1.37756	0.944561	9.52876
-1.37756	0.944561	9.53721
-1.37756	0.944561	9.54568
-1.37756	0.944561	9.55408
-1.37756	0.944561	9.5626
-1.35784	0.88921	9.57114
-1.35784	0.88921	9.57948
-1.35784	0.88921	9.58798
-1.35784	0.88921	9.59646
-1.35784	0.88921	9.60493
-1.35784	0.88921	9.61352
-1.35784	0.88921	9.62192
-1.35784	0.88921	9.63036
-1.35784	0.88921	9.63877
-1.35784	0.88921	9.64738
-1.2415	0.680543	9.65583
-1.2415	0.680543	9.66428
-1.2415	0.680543	9.6728
-1.2415	0.680543	9.68123
-1.2415	0.680543	9.68967
-1.2415	0.680543	9.69846
-1.2415	0.680543	9.70689
-1.2415	0.680543	9.71547
-1.2415	0.680543	9.72399
-1.15059	0.68014	9.73246
-1.15059	0.68014	9.7411
-1.15059	0.68014	9.74963
-1.15059	0.68014	9.75817
-1.15059	0.68014	9.7666
-1.15059	0.68014	9.77527
-1.15059	0.68014	9.78387
-1.15059	0.68014	9.79243
-1.15059	0.68014	9.80098
-1.15059	0.68014	9.80946
-1.13576	0.76786	9.81796
-1.13576	0.76786	9.82662
-1.13576	0.76786	9.83512
-1.13576	0.76786	9.84348
-1.13576	0.76786	9.85197
-1.13576	0.76786	9.86042
-1.13576	0.76786	9.86879
-1.13576	0.76786	9.87731
-1.13576	0.76786	9.88585
-1.12812	0.81664	9.89429
-1.12812	0.81664	9.90286
-1.12812	0.81664	9.9114
-1.12812	0.81664	9.91996
-1.12812	0.81664	9.92846
-1.12812	0.81664	9.93704
-1.12812	0.81664	9.94555
-1.12812	0.81664	9.95411
-1.12812	0.81664	9.96258
-1.07097	0.841502	9.97101
-1.07097	0.841502	9.97935
-1.07097	0.841502	9.98785
-1.07097	0.841502	9.99623
-1.07097	0.841502	10.0046
-1.07097	0.841502	10.013
-1.07097	0.841502	10.0219
-1.07097	0.841502	10.0303
-1.07097	0.841502	10.0389
-1.07097	0.841502	10.0473
-1.077	0.824258	10.0558
-1.077	0.824258	10.0642
-1.077	0.824258	10.0725
-1.077	0.824258	10.0809
-1.077	0.824258	10.0893
-1.077	0.824258	10.0978
-1.077	0.824258	10.1064
-1.077	0.824258	10.1149
-1.077	0.824258	10.1234
-1.0721	0.82029	10.132
-1.0721	0.82029	10.1404
-1.0721	0.82029	10.1487
-1.0721	0.82029	10.1572
-1.0721	0.82029	10.1655
-1.0721	0.82029	10.1739
-1.0721	0.82029	10.1824
-1.0721	0.82029	10.1909
-1.0721	0.82029	10.1995
-1.0721	0.82029	10.208
-1.07536	0.829401	10.2166
-1.07536	0.829401	10.225
-1.07536	0.829401	10.2334
-1.07536	0.829401	10.2418
-1.07536	0.829401	10.2501
-1.07536	0.829401	10.2584
-1.07536	0.829401	10.2675
-1.07536	0.829401	10.276
-1.07536	0.829401	10.2844
-1.04063	0.858227	10.2927
-1.04063	0.858227	10.3011
-1.04063	0.858227	10.3097
-1.04063	0.858227	10.3184
-1.04063	0.858227	10.3269
-1.04063	0.858227	10.3355
-1.04063	0.858227	10.3442
-1.04063	0.858227	10.3527
-1.04063	0.858227	10.3611
-1.04063	0.858227	10.3697
-1.0622	0.787331	10.3784
-1.0622	0.787331	10.3869
-1.0622	0.787331	10.3953
-1.0622	0.787331	10.4039
-1.0622	0.787331	10.4124
-1.0622	0.787331	10.4208
-1.0622	0.787331	10.4294
-1.0622	0.787331	10.4379
-1.0622	0.787331	10.4464
-1.08938	0.785988	10.4548
-1.08938	0.785988	10.4633
-1.08938	0.785988	10.4716
-1.08938	0.785988	10.4801
-1.08938	0.785988	10.4885
-1.08938	0.785988	10.4969
-1.08938	0.785988	10.5053
-1.08938	0.785988	10.5136
-1.08938	0.785988	10.5219
-1.13564	0.839984	10.5303
-1.13564	0.839984	10.5389
-1.13564	0.839984	10.5473
-1.13564	0.839984	10.5556
-1.13564	0.839984	10.564
-1.13564	0.839984	10.5724
-1.13564	0.839984	10.5808
-1.13564	0.839984	10.5893
-1.13564	0.839984	10.5978
-1.13564	0.839984	10.6063
-1.12062	0.890756	10.6149
-1.12062	0.890756	10.6234
-1.12062	0.890756	10.6321
-1.12062	0.890756	10.6406
-1.12062	0.890756	10.649
-1.12062	0.890756	10.6575
-1.12062	0.890756	10.6659
-1.12062	0.890756	10.6743
-1.12062	0.890756	10.6827
-1.12546	0.895218	10.6912
-1.12546	0.895218	10.6995
-1.12546	0.895218	10.7079
-1.12546	0.895218	10.7163
-1.12546	0.895218	10.7246
-1.12546	0.895218	10.7331
-1.12546	0.895218	10.7415
-1.12546	0.895218	10.7499
-1.12546	0.895218	10.7582
-1.12546	0.895218	10.7668
-1.12774	0.896119	10.7752
-1.12774	0.896119	10.7835
-1.12774	0.896119	10.7919
-1.12774	0.896119	10.8002
-1.12774	0.896119	10.8085
-1.12774	0.896119	10.817
-1.12774	0.896119	10.8254
-1.12774	0.896119	10.8338
-1.12774	0.896119	10.8421
-1.1311	0.897183	10.8504
-1.1311	0.897183	10.8588
-1.1311	0.897183	10.8671
-1.1311	0.897183	10.8755
-1.1311	0.897183	10.8839
-1.1311	0.897183	10.8923
-1.1311	0.897183	10.9006
-1.1311	0.897183	10.909
-1.1311	0.897183	10.9174
-1.1311	0.897183	10.9259
-1.13457	0.895798	10.9343
-1.13457	0.895798	10.9428
-1.13457	0.895798	10.9512
-1.13457	0.895798	10.9597
-1.13457	0.895798	10.9681
-1.13457	0.895798	10.9766
-1.13457	0.895798	10.9851
-1.13457	0.895798	10.9935
-1.13457	0.895798	11.002
-1.13838	0.897608	11.0103
-1.13838	0.897608	11.0187
-1.13838	0.897608	11.0271
-1.13838	0.897608	11.0356
-1.13838	0.897608	11.0441
-1.13838	0.897608	11.0525
-1.13838	0.897608	11.0609
-1.13838	0.897608	11.0692
-1.13838	0.897608	11.0776
-1.13838	0.897608	11.0861
-1.04928	0.804505	11.0945
-1.04928	0.804505	11.103
-1.04928	0.804505	11.1115
-1.04928	0.804505	11.1199
-1.04928	0.804505	11.1282
-1.04928	0.804505	11.1367
-1.04928	0.804505	11.1451
-1.04928	0.804505	11.1536
-1.04928	0.804505	11.1621
-0.931657	0.5878	11.1705
-0.931657	0.5878	11.1788
-0.931657	0.5878	11.1874
-0.931657	0.5878	11.1958
-0.931657	0.5878	11.2042
-0.931657	0.5878	11.2128
-0.931657	0.5878	11.2214
-0.931657	0.5878	11.2299
-0.931657	0.5878	11.2383
-0.931657	0.5878	11.2467
-0.911124	0.61389	11.2551
-0.911124	0.61389	11.2635
-0.911124	0.61389	11.2722
-0.911124	0.61389	11.2807
-0.911124	0.61389	11.2893
-0.911124	0.61389	11.2978
-0.911124	0.61389	11.3063
-0.911124	0.61389	11.3149
-0.911124	0.61389	11.3235
-0.867424	0.677005	11.332
-0.867424	0.677005	11.3407
-0.867424	0.677005	11.3493
-0.867424	0.677005	11.3578
-0.867424	0.677005	11.3664
-0.867424	0.677005	11.3749
-0.867424	0.677005	11.3835
-0.867424	0.677005	11.3919
-0.867424	0.677005	11.4003
-0.867424	0.677005	11.4088
-0.842106	0.651365	11.4173
-0.842106	0.651365	11.4258
-0.842106	0.651365	11.4344
-0.842106	0.651365	11.4429
-0.842106	0.651365	11.4515
-0.842106	0.651365	11.4601
-0.842106	0.651365	11.4687
-0.842106	0.651365	11.4773
-0.842106	0.651365	11.4859
-0.858618	0.648962	11.4944
-0.858618	0.648962	11.5028
-0.858618	0.648962	11.5112
-0.858618	0.648962	11.5197
-0.858618	0.648962	11.5281
-0.858618	0.648962	11.5365
-0.858618	0.648962	11.545
-0.858618	0.648962	11.5535
-0.858618	0.648962	11.5621
-0.878945	0.643439	11.5706
-0.878945	0.643439	11.5788
-0.878945	0.643439	11.5873
-0.878945	0.643439	11.5958
-0.878945	0.643439	11.6044
-0.878945	0.643439	11.613
-0.878945	0.643439	11.6216
-0.878945	0.643439	11.6301
-0.878945	0.643439	11.6386
-0.878945	0.643439	11.6471
-0.89348	0.638919	11.6555
-0.89348	0.638919	11.664
-0.89348	0.638919	11.6725
-0.89348	0.638919	11.6808
-0.89348	0.638919	11.6894
-0.89348	0.638919	11.6978
-0.89348	0.638919	11.7062
-0.89348	0.638919	11.7148
-0.89348	0.638919	11.7232
-0.895287	0.638199	11.7316
-0.895287	0.638199	11.7401
-0.895287	0.638199	11.7484
-0.895287	0.638199	11.7568
-0.895287	0.638199	11.7653
-0.895287	0.638199	11.7736
-0.895287	0.638199	11.7822
-0.895287	0.638199	11.7908
-0.895287	0.638199	11.7995
-0.895287	0.638199	11.8078
-0.877517	0.643828	11.8164
-0.877517	0.643828	11.8248
-0.877517	0.643828	11.8332
-0.877517	0.643828	11.8417
-0.877517	0.643828	11.8501
-0.877517	0.643828	11.8585
-0.877517	0.643828	11.867
-0.877517	0.643828	11.8755
-0.877517	0.643828	11.8839
-0.923458	0.632605	11.8925
-0.923458	0.632605	11.9011
-0.923458	0.632605	11.9097
-0.923458	0.632605	11.9181
-0.923458	0.632605	11.9266
-0.923458	0.632605	11.935
-0.923458	0.632605	11.9435
-0.923458	0.632605	11.9519
-0.923458	0.632605	11.9602
-0.923458	0.632605	11.9687
-0.925449	0.636038	11.9771
-0.925449	0.636038	11.9855
-0.925449	0.636038	11.9939
