-1.07051	0.730662	0.006568
-1.07051	0.730662	0.014963
-1.07051	0.730662	0.023398
-1.07051	0.730662	0.031911
-1.07051	0.730662	0.040365
-1.07051	0.730662	0.048875
-1.07051	0.730662	0.057246
-1.07051	0.730662	0.065467
-1.07051	0.730662	0.073807
-1.07051	0.730662	0.082312
-1.07051	0.730662	0.090844
-1.07051	0.730662	0.099314
-1.07051	0.730662	0.107742
-1.07051	0.730662	0.116154
-1.07051	0.730662	0.124635
2.95527e-05	-0.00547723	0.133105
2.95527e-05	-0.00547723	0.141475
2.95527e-05	-0.00547723	0.149942
2.95527e-05	-0.00547723	0.158314
2.95527e-05	-0.00547723	0.166713
2.95527e-05	-0.00547723	0.175149
2.95527e-05	-0.00547723	0.183594
2.95527e-05	-0.00547723	0.192077
2.95527e-05	-0.00547723	0.200459
0.0337809	-0.0103853	0.208986
0.0337809	-0.0103853	0.217437
0.0337809	-0.0103853	0.225809
0.0337809	-0.0103853	0.234325
0.0337809	-0.0103853	0.242717
0.0337809	-0.0103853	0.251099
0.0337809	-0.0103853	0.259545
0.0337809	-0.0103853	0.268058
0.0337809	-0.0103853	0.276376
0.0337809	-0.0103853	0.28487
0.0288427	-0.00607899	0.2932
0.0288427	-0.00607899	0.301883
0.0288427	-0.00607899	0.310428
0.0288427	-0.00607899	0.318756
0.0288427	-0.00607899	0.327111
0.0288427	-0.00607899	0.335364
0.0288427	-0.00607899	0.343696
0.0288427	-0.00607899	0.352264
0.0288427	-0.00607899	0.360741
0.0271114	-0.0112399	0.369154
0.0271114	-0.0112399	0.377554
0.0271114	-0.0112399	0.385897
0.0271114	-0.0112399	0.394207
0.0271114	-0.0112399	0.402537
0.0271114	-0.0112399	0.41102
0.0271114	-0.0112399	0.419481
0.0271114	-0.0112399	0.427894
0.0271114	-0.0112399	0.436287
0.0271114	-0.0112399	0.444747
0.0299077	-0.00592299	0.453243
0.0299077	-0.00592299	0.461856
0.0299077	-0.00592299	0.470314
0.0299077	-0.00592299	0.478804
0.0299077	-0.00592299	0.487306
0.0299077	-0.00592299	0.495717
0.0299077	-0.00592299	0.504058
0.0299077	-0.00592299	0.512394
0.0299077	-0.00592299	0.520706
0.0342066	0.00350938	0.52914
0.0342066	0.00350938	0.537689
0.0342066	0.00350938	0.546019
0.0342066	0.00350938	0.554383
0.0342066	0.00350938	0.562762
0.0342066	0.00350938	0.571092
0.0342066	0.00350938	0.579624
0.0342066	0.00350938	0.588001
0.0342066	0.00350938	0.596312
0.0342066	0.00350938	0.604767
0.0376318	0.0130904	0.613101
0.0376318	0.0130904	0.621569
0.0376318	0.0130904	0.630016
0.0376318	0.0130904	0.638323
0.0376318	0.0130904	0.646822
0.0376318	0.0130904	0.655207
0.0376318	0.0130904	0.663689
0.0376318	0.0130904	0.672105
0.0376318	0.0130904	0.680552
0.0485425	0.0434164	0.689089
0.0485425	0.0434164	0.697489
0.0485425	0.0434164	0.705931
0.0485425	0.0434164	0.71433
0.0485425	0.0434164	0.722735
0.0485425	0.0434164	0.731197
0.0485425	0.0434164	0.739672
0.0485425	0.0434164	0.748122
0.0485425	0.0434164	0.75661
0.0485425	0.0434164	0.765113
0.0561999	0.0649429	0.773475
0.0561999	0.0649429	0.781964
0.0561999	0.0649429	0.790368
0.0561999	0.0649429	0.798792
0.0561999	0.0649429	0.80733
0.0561999	0.0649429	0.815876
0.0561999	0.0649429	0.824261
0.0561999	0.0649429	0.832637
0.0561999	0.0649429	0.841092
0.0571249	0.0653324	0.849487
0.0571249	0.0653324	0.857914
0.0571249	0.0653324	0.86646
0.0571249	0.0653324	0.874771
0.0571249	0.0653324	0.883211
0.0571249	0.0653324	0.891563
0.0571249	0.0653324	0.899974
0.0571249	0.0653324	0.908408
0.0571249	0.0653324	0.916989
0.0571249	0.0653324	0.925522
0.0579144	0.0655101	0.933941
0.0579144	0.0655101	0.942269
0.0579144	0.0655101	0.950739
0.0579144	0.0655101	0.959161
0.0579144	0.0655101	0.967596
0.0579144	0.0655101	0.976189
0.0579144	0.0655101	0.984629
0.0579144	0.0655101	0.993063
0.0579144	0.0655101	1.00157
0.058336	0.0657268	1.01007
0.058336	0.0657268	1.01866
0.058336	0.0657268	1.02713
0.058336	0.0657268	1.03554
0.058336	0.0657268	1.04402
0.058336	0.0657268	1.05243
0.058336	0.0657268	1.06079
0.058336	0.0657268	1.06907
0.058336	0.0657268	1.07753
0.058336	0.0657268	1.08609
0.0734785	0.0236297	1.09454
0.0734785	0.0236297	1.10288
0.0734785	0.0236297	1.11144
0.0734785	0.0236297	1.11986
0.0734785	0.0236297	1.12831
0.0734785	0.0236297	1.13679
0.0734785	0.0236297	1.1452
0.0734785	0.0236297	1.1535
0.0734785	0.0236297	1.16207
0.0763656	0.0750012	1.17043
0.0763656	0.0750012	1.17883
0.0763656	0.0750012	1.1872
0.0763656	0.0750012	1.19576
0.0763656	0.0750012	1.20409
0.0763656	0.0750012	1.2124
0.0763656	0.0750012	1.22078
0.0763656	0.0750012	1.22911
0.0763656	0.0750012	1.23762
0.0763656	0.0750012	1.2461
0.0655863	0.0829002	1.25455
0.0655863	0.0829002	1.26289
0.0655863	0.0829002	1.27126
0.0655863	0.0829002	1.27967
0.0655863	0.0829002	1.28793
0.0655863	0.0829002	1.29636
0.0655863	0.0829002	1.30474
0.0655863	0.0829002	1.31304
0.0655863	0.0829002	1.32168
0.0628744	0.0861008	1.33037
0.0628744	0.0861008	1.33876
0.0628744	0.0861008	1.34724
0.0628744	0.0861008	1.3556
0.0628744	0.0861008	1.36399
0.0628744	0.0861008	1.3724
0.0628744	0.0861008	1.38067
0.0628744	0.0861008	1.38913
0.0628744	0.0861008	1.39763
0.0628744	0.0861008	1.40598
0.0605718	0.0845795	1.41438
0.0605718	0.0845795	1.42273
0.0605718	0.0845795	1.43117
0.0605718	0.0845795	1.43957
0.0605718	0.0845795	1.448
0.0605718	0.0845795	1.45647
0.0605718	0.0845795	1.46481
0.0605718	0.0845795	1.47317
0.0605718	0.0845795	1.48163
0.0604631	0.0798111	1.49009
0.0604631	0.0798111	1.49856
0.0604631	0.0798111	1.50704
0.0604631	0.0798111	1.5157
0.0604631	0.0798111	1.52417
0.0604631	0.0798111	1.53251
0.0604631	0.0798111	1.54084
0.0604631	0.0798111	1.54928
0.0604631	0.0798111	1.55765
0.0604631	0.0798111	1.56597
0.0660511	0.0660228	1.57443
0.0660511	0.0660228	1.58293
0.0660511	0.0660228	1.59136
0.0660511	0.0660228	1.59982
0.0660511	0.0660228	1.60829
0.0660511	0.0660228	1.61664
0.0660511	0.0660228	1.62512
0.0660511	0.0660228	1.63345
0.0660511	0.0660228	1.64182
0.0635521	0.0497449	1.6502
0.0635521	0.0497449	1.65862
0.0635521	0.0497449	1.66698
0.0635521	0.0497449	1.67544
0.0635521	0.0497449	1.68375
0.0635521	0.0497449	1.69236
0.0635521	0.0497449	1.70074
0.0635521	0.0497449	1.70917
0.0635521	0.0497449	1.71761
0.0635521	0.0497449	1.72606
0.0554692	0.031204	1.73441
0.0554692	0.031204	1.74289
0.0554692	0.031204	1.75129
0.0554692	0.031204	1.7597
0.0554692	0.031204	1.76808
0.0554692	0.031204	1.77665
0.0554692	0.031204	1.78508
0.0554692	0.031204	1.79355
0.0554692	0.031204	1.80197
0.0525802	0.0196464	1.8104
0.0525802	0.0196464	1.81892
0.0525802	0.0196464	1.82737
0.0525802	0.0196464	1.83574
0.0525802	0.0196464	1.84405
0.0525802	0.0196464	1.85237
0.0525802	0.0196464	1.86085
0.0525802	0.0196464	1.86926
0.0525802	0.0196464	1.87761
0.0525802	0.0196464	1.88599
0.059269	0.0566111	1.89442
0.059269	0.0566111	1.90281
0.059269	0.0566111	1.91119
0.059269	0.0566111	1.91955
0.059269	0.0566111	1.92793
0.059269	0.0566111	1.9363
0.059269	0.0566111	1.94484
0.059269	0.0566111	1.9534
0.059269	0.0566111	1.96175
0.0628734	0.0873098	1.9701
0.0628734	0.0873098	1.97846
0.0628734	0.0873098	1.9868
0.0628734	0.0873098	1.99514
0.0628734	0.0873098	2.00348
0.0628734	0.0873098	2.01317
0.0628734	0.0873098	2.02161
0.0628734	0.0873098	2.02998
0.0628734	0.0873098	2.03878
0.0628734	0.0873098	2.04714
0.0648669	0.107992	2.05552
0.0648669	0.107992	2.06394
0.0648669	0.107992	2.07239
0.0648669	0.107992	2.08083
0.0648669	0.107992	2.08928
0.0648669	0.107992	2.09971
0.0648669	0.107992	2.10804
0.0648669	0.107992	2.11647
0.0648669	0.107992	2.12478
0.0649734	0.108439	2.13314
0.0649734	0.108439	2.14147
0.0649734	0.108439	2.14997
0.0649734	0.108439	2.15862
0.0649734	0.108439	2.16709
0.0649734	0.108439	2.17555
0.0649734	0.108439	2.18392
0.0649734	0.108439	2.19236
0.0649734	0.108439	2.2007
0.0663414	0.109016	2.2092
0.0663414	0.109016	2.21763
0.0663414	0.109016	2.22622
0.0663414	0.109016	2.23475
0.0663414	0.109016	2.24325
0.0663414	0.109016	2.25165
0.0663414	0.109016	2.26014
0.0663414	0.109016	2.26851
0.0663414	0.109016	2.27698
0.0663414	0.109016	2.28538
0.0658528	0.109008	2.29376
0.0658528	0.109008	2.30238
0.0658528	0.109008	2.31079
0.0658528	0.109008	2.31923
0.0658528	0.109008	2.32767
0.0658528	0.109008	2.33629
0.0658528	0.109008	2.34471
0.0658528	0.109008	2.35316
0.0658528	0.109008	2.36175
0.0661502	0.109321	2.37034
0.0661502	0.109321	2.37876
0.0661502	0.109321	2.38737
0.0661502	0.109321	2.39567
0.0661502	0.109321	2.40421
0.0661502	0.109321	2.41261
0.0661502	0.109321	2.42107
0.0661502	0.109321	2.42948
0.0661502	0.109321	2.4378
0.0661502	0.109321	2.44637
0.0659706	0.109433	2.45486
0.0659706	0.109433	2.46319
0.0659706	0.109433	2.47169
0.0659706	0.109433	2.48018
0.0659706	0.109433	2.48851
0.0659706	0.109433	2.49712
0.0659706	0.109433	2.50555
0.0659706	0.109433	2.51418
0.0659706	0.109433	2.52256
0.0660217	0.109805	2.531
0.0660217	0.109805	2.53938
0.0660217	0.109805	2.548
0.0660217	0.109805	2.55647
0.0660217	0.109805	2.56504
0.0660217	0.109805	2.57337
0.0660217	0.109805	2.58188
0.0660217	0.109805	2.5904
0.0660217	0.109805	2.59878
0.0660476	0.109878	2.60719
0.0660476	0.109878	2.61564
0.0660476	0.109878	2.62408
0.0660476	0.109878	2.63247
0.0660476	0.109878	2.64082
0.0660476	0.109878	2.64918
0.0660476	0.109878	2.6575
0.0660476	0.109878	2.66594
0.0660476	0.109878	2.67438
0.0660476	0.109878	2.68278
0.0805209	0.081729	2.69121
0.0805209	0.081729	2.69964
0.0805209	0.081729	2.70802
0.0805209	0.081729	2.71638
0.0805209	0.081729	2.72467
0.0805209	0.081729	2.73308
0.0805209	0.081729	2.74156
0.0805209	0.081729	2.74994
0.0805209	0.081729	2.75842
0.0805209	0.081729	2.76675
0.0886271	0.132062	2.77534
0.0886271	0.132062	2.78382
0.0886271	0.132062	2.79219
0.0886271	0.132062	2.80058
0.0886271	0.132062	2.809
0.0886271	0.132062	2.8175
0.0886271	0.132062	2.82594
0.0886271	0.132062	2.83428
0.0886271	0.132062	2.84263
0.0996087	0.129865	2.85093
0.0996087	0.129865	2.85944
0.0996087	0.129865	2.86782
0.0996087	0.129865	2.8762
0.0996087	0.129865	2.88457
0.0996087	0.129865	2.89308
0.0996087	0.129865	2.90139
0.0996087	0.129865	2.90974
0.0996087	0.129865	2.91811
0.0996087	0.129865	2.92661
0.0933444	0.132807	2.935
0.0933444	0.132807	2.94335
0.0933444	0.132807	2.95171
0.0933444	0.132807	2.96004
0.0933444	0.132807	2.9685
0.0933444	0.132807	2.97689
0.0933444	0.132807	2.98522
0.0933444	0.132807	2.99352
0.0933444	0.132807	3.00205
0.0938187	0.132721	3.01054
0.0938187	0.132721	3.01918
0.0938187	0.132721	3.02763
0.0938187	0.132721	3.03597
0.0938187	0.132721	3.0445
0.0938187	0.132721	3.05274
0.0938187	0.132721	3.06106
0.0938187	0.132721	3.06935
0.0938187	0.132721	3.07757
0.0938187	0.132721	3.08596
0.0947539	0.130983	3.09437
0.0947539	0.130983	3.10263
0.0947539	0.130983	3.11106
0.0947539	0.130983	3.11954
0.0947539	0.130983	3.128
0.0947539	0.130983	3.13645
0.0947539	0.130983	3.14481
0.0947539	0.130983	3.15324
0.0947539	0.130983	3.16171
0.112721	0.110259	3.17022
0.112721	0.110259	3.17868
0.112721	0.110259	3.18715
0.112721	0.110259	3.19575
0.112721	0.110259	3.20439
0.112721	0.110259	3.21276
0.112721	0.110259	3.22124
0.112721	0.110259	3.22974
0.112721	0.110259	3.23838
0.112721	0.110259	3.24683
0.100094	0.100057	3.25518
0.100094	0.100057	3.26348
0.100094	0.100057	3.27185
0.100094	0.100057	3.28022
0.100094	0.100057	3.28863
0.100094	0.100057	3.29701
0.100094	0.100057	3.30532
0.100094	0.100057	3.31379
0.100094	0.100057	3.32234
0.100654	0.104794	3.3308
0.100654	0.104794	3.33925
0.100654	0.104794	3.34772
0.100654	0.104794	3.35625
0.100654	0.104794	3.36463
0.100654	0.104794	3.37306
0.100654	0.104794	3.38154
0.100654	0.104794	3.38997
0.100654	0.104794	3.39836
0.100654	0.104794	3.40677
0.0928268	0.0744381	3.41528
0.0928268	0.0744381	3.42364
0.0928268	0.0744381	3.43225
0.0928268	0.0744381	3.44083
0.0928268	0.0744381	3.44926
0.0928268	0.0744381	3.45771
0.0928268	0.0744381	3.46628
0.0928268	0.0744381	3.47467
0.0928268	0.0744381	3.48301
0.085592	-0.058892	3.49144
0.085592	-0.058892	3.49986
0.085592	-0.058892	3.50818
0.085592	-0.058892	3.5165
0.085592	-0.058892	3.52489
0.085592	-0.058892	3.53338
0.085592	-0.058892	3.5417
0.085592	-0.058892	3.55009
0.085592	-0.058892	3.55852
0.085592	-0.058892	3.56692
0.0929298	-0.090165	3.57527
0.0929298	-0.090165	3.58369
0.0929298	-0.090165	3.5922
0.0929298	-0.090165	3.6006
0.0929298	-0.090165	3.60907
0.0929298	-0.090165	3.61761
0.0929298	-0.090165	3.62597
0.0929298	-0.090165	3.63456
0.0929298	-0.090165	3.64303
0.0924623	-0.0250288	3.65171
0.0924623	-0.0250288	3.66015
0.0924623	-0.0250288	3.66858
0.0924623	-0.0250288	3.6772
0.0924623	-0.0250288	3.68564
0.0924623	-0.0250288	3.69393
0.0924623	-0.0250288	3.70243
0.0924623	-0.0250288	3.71096
0.0924623	-0.0250288	3.71941
0.0925121	0.065216	3.72785
0.0925121	0.065216	3.7363
0.0925121	0.065216	3.74482
0.0925121	0.065216	3.75319
0.0925121	0.065216	3.76177
0.0925121	0.065216	3.77012
0.0925121	0.065216	3.77859
0.0925121	0.065216	3.78691
0.0925121	0.065216	3.79527
0.0925121	0.065216	3.80361
0.0926115	0.0738978	3.81221
0.0926115	0.0738978	3.82091
0.0926115	0.0738978	3.82942
0.0926115	0.0738978	3.83774
0.0926115	0.0738978	3.84632
0.0926115	0.0738978	3.85475
0.0926115	0.0738978	3.86309
0.0926115	0.0738978	3.87151
0.0926115	0.0738978	3.88003
0.0929794	0.0744324	3.88861
0.0929794	0.0744324	3.89726
0.0929794	0.0744324	3.90572
0.0929794	0.0744324	3.91406
0.0929794	0.0744324	3.92237
0.0929794	0.0744324	3.93064
0.0929794	0.0744324	3.93908
0.0929794	0.0744324	3.94756
0.0929794	0.0744324	3.95595
0.0929794	0.0744324	3.96433
0.0932388	0.0746952	3.97278
0.0932388	0.0746952	3.98124
0.0932388	0.0746952	3.98962
0.0932388	0.0746952	3.99804
0.0932388	0.0746952	4.0065
0.0932388	0.0746952	4.0151
0.0932388	0.0746952	4.02344
0.0932388	0.0746952	4.032
0.0932388	0.0746952	4.04044
0.0938371	0.0754836	4.04924
0.0938371	0.0754836	4.05773
0.0938371	0.0754836	4.06615
0.0938371	0.0754836	4.07452
0.0938371	0.0754836	4.08292
0.0938371	0.0754836	4.09136
0.0938371	0.0754836	4.09977
0.0938371	0.0754836	4.10815
0.0938371	0.0754836	4.11659
0.0938371	0.0754836	4.12504
0.0944859	0.075857	4.13328
0.0944859	0.075857	4.14164
0.0944859	0.075857	4.15
0.0944859	0.075857	4.15835
0.0944859	0.075857	4.16684
0.0944859	0.075857	4.17538
0.0944859	0.075857	4.1837
0.0944859	0.075857	4.19221
0.0944859	0.075857	4.20061
0.127061	0.0313622	4.20906
0.127061	0.0313622	4.21756
0.127061	0.0313622	4.2261
0.127061	0.0313622	4.23458
0.127061	0.0313622	4.24302
0.127061	0.0313622	4.25142
0.127061	0.0313622	4.25994
0.127061	0.0313622	4.26841
0.127061	0.0313622	4.2769
0.127061	0.0313622	4.2852
0.0819267	0.0730193	4.2935
0.0819267	0.0730193	4.30203
0.0819267	0.0730193	4.31051
0.0819267	0.0730193	4.319
0.0819267	0.0730193	4.32746
0.0819267	0.0730193	4.33597
0.0819267	0.0730193	4.34437
0.0819267	0.0730193	4.35259
0.0819267	0.0730193	4.361
0.0763422	0.0708206	4.36937
0.0763422	0.0708206	4.37777
0.0763422	0.0708206	4.38619
0.0763422	0.0708206	4.39452
0.0763422	0.0708206	4.40281
0.0763422	0.0708206	4.41118
0.0763422	0.0708206	4.41956
0.0763422	0.0708206	4.42799
0.0763422	0.0708206	4.4364
0.0763422	0.0708206	4.44473
0.114531	0.0620801	4.45332
0.114531	0.0620801	4.4618
0.114531	0.0620801	4.47032
0.114531	0.0620801	4.47876
0.114531	0.0620801	4.48728
0.114531	0.0620801	4.49556
0.114531	0.0620801	4.50384
0.114531	0.0620801	4.51222
0.114531	0.0620801	4.52065
0.0887865	0.073392	4.52923
0.0887865	0.073392	4.5376
0.0887865	0.073392	4.5459
0.0887865	0.073392	4.55432
0.0887865	0.073392	4.56277
0.0887865	0.073392	4.57124
0.0887865	0.073392	4.57971
0.0887865	0.073392	4.58816
0.0887865	0.073392	4.59659
0.0887865	0.073392	4.60493
0.0938113	0.0700942	4.61331
0.0938113	0.0700942	4.62179
0.0938113	0.0700942	4.63029
0.0938113	0.0700942	4.63872
0.0938113	0.0700942	4.64717
0.0938113	0.0700942	4.65597
0.0938113	0.0700942	4.66439
0.0938113	0.0700942	4.6729
0.0938113	0.0700942	4.68132
0.10139	0.0648452	4.68971
0.10139	0.0648452	4.69813
0.10139	0.0648452	4.70652
0.10139	0.0648452	4.71484
0.10139	0.0648452	4.72315
0.10139	0.0648452	4.73157
0.10139	0.0648452	4.73996
0.10139	0.0648452	4.74829
0.10139	0.0648452	4.75667
0.10139	0.0648452	4.76497
0.106655	0.0363111	4.77351
0.106655	0.0363111	4.78204
0.106655	0.0363111	4.79039
0.106655	0.0363111	4.79892
0.106655	0.0363111	4.80734
0.106655	0.0363111	4.81566
0.106655	0.0363111	4.82416
0.106655	0.0363111	4.83248
0.106655	0.0363111	4.84094
0.100046	-0.0134209	4.84932
0.100046	-0.0134209	4.85779
0.100046	-0.0134209	4.86634
0.100046	-0.0134209	4.87474
0.100046	-0.0134209	4.88322
0.100046	-0.0134209	4.89165
0.100046	-0.0134209	4.90019
0.100046	-0.0134209	4.9086
0.100046	-0.0134209	4.91708
0.100046	-0.0134209	4.92546
0.10206	-0.022171	4.93384
0.10206	-0.022171	4.94226
0.10206	-0.022171	4.95065
0.10206	-0.022171	4.95908
0.10206	-0.022171	4.96763
0.10206	-0.022171	4.97593
0.10206	-0.022171	4.98434
0.10206	-0.022171	4.99269
0.10206	-0.022171	5.00121
0.0978012	0.0482522	5.00965
0.0978012	0.0482522	5.0181
0.0978012	0.0482522	5.02654
0.0978012	0.0482522	5.03595
0.0978012	0.0482522	5.04422
0.0978012	0.0482522	5.05247
0.0978012	0.0482522	5.06088
0.0978012	0.0482522	5.06927
0.0978012	0.0482522	5.07771
0.0978012	0.0482522	5.08607
0.0830973	0.112062	5.09461
0.0830973	0.112062	5.10297
0.0830973	0.112062	5.11152
0.0830973	0.112062	5.1201
0.0830973	0.112062	5.12869
0.0830973	0.112062	5.13723
0.0830973	0.112062	5.14572
0.0830973	0.112062	5.15421
0.0830973	0.112062	5.16275
0.0852237	0.11144	5.17127
0.0852237	0.11144	5.17983
0.0852237	0.11144	5.18831
0.0852237	0.11144	5.19662
0.0852237	0.11144	5.20502
0.0852237	0.11144	5.21334
0.0852237	0.11144	5.22192
0.0852237	0.11144	5.23047
0.0852237	0.11144	5.23901
0.084899	0.112366	5.2474
0.084899	0.112366	5.25595
0.084899	0.112366	5.26429
0.084899	0.112366	5.27277
0.084899	0.112366	5.28125
0.084899	0.112366	5.28974
0.084899	0.112366	5.29821
0.084899	0.112366	5.30652
0.084899	0.112366	5.31488
0.084899	0.112366	5.32321
0.0842995	0.112433	5.33173
0.0842995	0.112433	5.34021
0.0842995	0.112433	5.34863
0.0842995	0.112433	5.35693
0.0842995	0.112433	5.3653
0.0842995	0.112433	5.37367
0.0842995	0.112433	5.38206
0.0842995	0.112433	5.39054
0.0842995	0.112433	5.39913
0.0834255	0.113223	5.40746
0.0834255	0.113223	5.41598
0.0834255	0.113223	5.42432
0.0834255	0.113223	5.43269
0.0834255	0.113223	5.44108
0.0834255	0.113223	5.44959
0.0834255	0.113223	5.45819
0.0834255	0.113223	5.46673
0.0834255	0.113223	5.47504
0.0834255	0.113223	5.48361
0.0822628	0.112453	5.49208
0.0822628	0.112453	5.50063
0.0822628	0.112453	5.50896
0.0822628	0.112453	5.51723
0.0822628	0.112453	5.52572
0.0822628	0.112453	5.53408
0.0822628	0.112453	5.54242
0.0822628	0.112453	5.55088
0.0822628	0.112453	5.55942
0.0813335	0.113449	5.56776
0.0813335	0.113449	5.57627
0.0813335	0.113449	5.58482
0.0813335	0.113449	5.59315
0.0813335	0.113449	5.60163
0.0813335	0.113449	5.61002
0.0813335	0.113449	5.61854
0.0813335	0.113449	5.62696
0.0813335	0.113449	5.6353
0.0813335	0.113449	5.64363
0.0801938	0.113993	5.65195
0.0801938	0.113993	5.66024
0.0801938	0.113993	5.66868
0.0801938	0.113993	5.67731
0.0801938	0.113993	5.68579
0.0801938	0.113993	5.69415
0.0801938	0.113993	5.70253
0.0801938	0.113993	5.71099
0.0801938	0.113993	5.71948
0.0802586	0.114435	5.72776
0.0802586	0.114435	5.73601
0.0802586	0.114435	5.74436
0.0802586	0.114435	5.75268
0.0802586	0.114435	5.76111
0.0802586	0.114435	5.76948
0.0802586	0.114435	5.77788
0.0802586	0.114435	5.78635
0.0802586	0.114435	5.79478
0.0802586	0.114435	5.8032
0.113265	0.0981256	5.81159
0.113265	0.0981256	5.82002
0.113265	0.0981256	5.8284
0.113265	0.0981256	5.83676
0.113265	0.0981256	5.84507
0.113265	0.0981256	5.85342
0.113265	0.0981256	5.86186
0.113265	0.0981256	5.87022
0.113265	0.0981256	5.87863
0.113265	0.0981256	5.88699
0.0520726	0.143595	5.89536
0.0520726	0.143595	5.90385
0.0520726	0.143595	5.91228
0.0520726	0.143595	5.92057
0.0520726	0.143595	5.92887
0.0520726	0.143595	5.93718
0.0520726	0.143595	5.94551
0.0520726	0.143595	5.95406
0.0520726	0.143595	5.96241
0.0204532	0.138661	5.97074
0.0204532	0.138661	5.97907
0.0204532	0.138661	5.98735
0.0204532	0.138661	5.99607
0.0204532	0.138661	6.00465
0.0204532	0.138661	6.01325
0.0204532	0.138661	6.0217
0.0204532	0.138661	6.03005
0.0204532	0.138661	6.03857
0.0204532	0.138661	6.04691
0.0276052	0.134267	6.05528
0.0276052	0.134267	6.06363
0.0276052	0.134267	6.07203
0.0276052	0.134267	6.08058
0.0276052	0.134267	6.08898
0.0276052	0.134267	6.09735
0.0276052	0.134267	6.10588
0.0276052	0.134267	6.11426
0.0276052	0.134267	6.12276
0.0330563	0.136372	6.13111
0.0330563	0.136372	6.13957
0.0330563	0.136372	6.14807
0.0330563	0.136372	6.15643
0.0330563	0.136372	6.16478
0.0330563	0.136372	6.17307
0.0330563	0.136372	6.18144
0.0330563	0.136372	6.18989
0.0330563	0.136372	6.19829
0.0330563	0.136372	6.2067
0.0421916	0.137278	6.21516
0.0421916	0.137278	6.22363
0.0421916	0.137278	6.232
0.0421916	0.137278	6.24054
0.0421916	0.137278	6.24913
0.0421916	0.137278	6.25759
0.0421916	0.137278	6.26594
0.0421916	0.137278	6.27445
0.0421916	0.137278	6.28301
0.0152058	0.131048	6.29163
0.0152058	0.131048	6.30011
0.0152058	0.131048	6.30864
0.0152058	0.131048	6.31718
0.0152058	0.131048	6.32548
0.0152058	0.131048	6.33383
0.0152058	0.131048	6.34222
0.0152058	0.131048	6.35077
0.0152058	0.131048	6.35938
-0.0635036	-0.0303964	6.3678
-0.0635036	-0.0303964	6.3761
-0.0635036	-0.0303964	6.38449
-0.0635036	-0.0303964	6.39295
-0.0635036	-0.0303964	6.40141
-0.0635036	-0.0303964	6.40984
-0.0635036	-0.0303964	6.41831
-0.0635036	-0.0303964	6.42673
-0.0635036	-0.0303964	6.43521
-0.0635036	-0.0303964	6.44382
-0.295458	-0.0765172	6.45234
-0.295458	-0.0765172	6.46091
-0.295458	-0.0765172	6.46929
-0.295458	-0.0765172	6.4777
-0.295458	-0.0765172	6.48619
-0.295458	-0.0765172	6.49465
-0.295458	-0.0765172	6.50297
-0.295458	-0.0765172	6.51139
-0.295458	-0.0765172	6.5198
-0.335079	-0.208688	6.5282
-0.335079	-0.208688	6.53679
-0.335079	-0.208688	6.54516
-0.335079	-0.208688	6.55365
-0.335079	-0.208688	6.56219
-0.335079	-0.208688	6.57065
-0.335079	-0.208688	6.57911
-0.335079	-0.208688	6.58754
-0.335079	-0.208688	6.59595
-0.335079	-0.208688	6.60427
-0.363415	-0.248348	6.61268
-0.363415	-0.248348	6.62116
-0.363415	-0.248348	6.62962
-0.363415	-0.248348	6.63823
-0.363415	-0.248348	6.6466
-0.363415	-0.248348	6.65602
-0.363415	-0.248348	6.66435
-0.363415	-0.248348	6.67296
-0.363415	-0.248348	6.68165
-0.38089	-0.22517	6.69021
-0.38089	-0.22517	6.69869
-0.38089	-0.22517	6.70727
-0.38089	-0.22517	6.71574
-0.38089	-0.22517	6.72427
-0.38089	-0.22517	6.73275
-0.38089	-0.22517	6.74125
-0.38089	-0.22517	6.74978
-0.38089	-0.22517	6.75824
-0.38089	-0.22517	6.7667
-0.383409	-0.225699	6.77508
-0.383409	-0.225699	6.78357
-0.383409	-0.225699	6.79215
-0.383409	-0.225699	6.80068
-0.383409	-0.225699	6.80924
-0.383409	-0.225699	6.81775
-0.383409	-0.225699	6.82613
-0.383409	-0.225699	6.83467
-0.383409	-0.225699	6.84308
-0.381754	-0.224576	6.85157
-0.381754	-0.224576	6.85995
-0.381754	-0.224576	6.86829
-0.381754	-0.224576	6.87655
-0.381754	-0.224576	6.88504
-0.381754	-0.224576	6.8935
-0.381754	-0.224576	6.90191
-0.381754	-0.224576	6.91031
-0.381754	-0.224576	6.91873
-0.381754	-0.224576	6.92722
-0.37633	-0.219088	6.93562
-0.37633	-0.219088	6.94393
-0.37633	-0.219088	6.95232
-0.37633	-0.219088	6.96059
-0.37633	-0.219088	6.969
-0.37633	-0.219088	6.97747
-0.37633	-0.219088	6.98585
-0.37633	-0.219088	6.99418
-0.37633	-0.219088	7.00262
-0.372364	-0.216267	7.01112
-0.372364	-0.216267	7.01956
-0.372364	-0.216267	7.02808
-0.372364	-0.216267	7.0365
-0.372364	-0.216267	7.04478
-0.372364	-0.216267	7.0531
-0.372364	-0.216267	7.06142
-0.372364	-0.216267	7.06981
-0.372364	-0.216267	7.07831
-0.372364	-0.216267	7.08679
-0.374328	-0.21917	7.09515
-0.374328	-0.21917	7.10358
-0.374328	-0.21917	7.11202
-0.374328	-0.21917	7.12048
-0.374328	-0.21917	7.12903
-0.374328	-0.21917	7.13747
-0.374328	-0.21917	7.14577
-0.374328	-0.21917	7.15418
-0.374328	-0.21917	7.16251
-0.373954	-0.218879	7.17087
-0.373954	-0.218879	7.17942
-0.373954	-0.218879	7.18797
-0.373954	-0.218879	7.19628
-0.373954	-0.218879	7.20465
-0.373954	-0.218879	7.2129
-0.373954	-0.218879	7.22128
-0.373954	-0.218879	7.22976
-0.373954	-0.218879	7.23821
-0.373954	-0.218879	7.24663
-0.3739	-0.219611	7.25505
-0.3739	-0.219611	7.26354
-0.3739	-0.219611	7.27199
-0.3739	-0.219611	7.28041
-0.3739	-0.219611	7.28869
-0.3739	-0.219611	7.29694
-0.3739	-0.219611	7.30525
-0.3739	-0.219611	7.31364
-0.3739	-0.219611	7.32211
-0.371559	-0.217355	7.33046
-0.371559	-0.217355	7.33883
-0.371559	-0.217355	7.34721
-0.371559	-0.217355	7.35556
-0.371559	-0.217355	7.36393
-0.371559	-0.217355	7.3722
-0.371559	-0.217355	7.38058
-0.371559	-0.217355	7.38911
-0.371559	-0.217355	7.3974
-0.371559	-0.217355	7.40727
-0.376963	-0.191008	7.41592
-0.376963	-0.191008	7.42444
-0.376963	-0.191008	7.43279
-0.376963	-0.191008	7.44233
-0.376963	-0.191008	7.4507
-0.376963	-0.191008	7.45911
-0.376963	-0.191008	7.4675
-0.376963	-0.191008	7.4759
-0.376963	-0.191008	7.48439
-0.383272	-0.170283	7.49284
-0.383272	-0.170283	7.50122
-0.383272	-0.170283	7.50961
-0.383272	-0.170283	7.51802
-0.383272	-0.170283	7.52645
-0.383272	-0.170283	7.53479
-0.383272	-0.170283	7.54311
-0.383272	-0.170283	7.55148
-0.383272	-0.170283	7.55988
-0.36161	-0.165295	7.56836
-0.36161	-0.165295	7.57684
-0.36161	-0.165295	7.58534
-0.36161	-0.165295	7.59368
-0.36161	-0.165295	7.60203
-0.36161	-0.165295	7.61048
-0.36161	-0.165295	7.61907
-0.36161	-0.165295	7.62753
-0.36161	-0.165295	7.63593
-0.36161	-0.165295	7.64429
-0.35394	-0.160497	7.65272
-0.35394	-0.160497	7.6612
-0.35394	-0.160497	7.66972
-0.35394	-0.160497	7.67819
-0.35394	-0.160497	7.68672
-0.35394	-0.160497	7.69517
-0.35394	-0.160497	7.70351
-0.35394	-0.160497	7.71215
-0.35394	-0.160497	7.72069
-0.364752	-0.166247	7.72912
-0.364752	-0.166247	7.7374
-0.364752	-0.166247	7.74565
-0.364752	-0.166247	7.75405
-0.364752	-0.166247	7.76243
-0.364752	-0.166247	7.77073
-0.364752	-0.166247	7.77943
-0.364752	-0.166247	7.78796
-0.364752	-0.166247	7.79639
-0.364752	-0.166247	7.80474
-0.366749	-0.168866	7.81314
-0.366749	-0.168866	7.82178
-0.366749	-0.168866	7.83011
-0.366749	-0.168866	7.83851
-0.366749	-0.168866	7.84688
-0.366749	-0.168866	7.85529
-0.366749	-0.168866	7.8636
-0.366749	-0.168866	7.87213
-0.366749	-0.168866	7.88058
-0.353968	-0.165556	7.88904
-0.353968	-0.165556	7.89741
-0.353968	-0.165556	7.90574
-0.353968	-0.165556	7.91411
-0.353968	-0.165556	7.92253
-0.353968	-0.165556	7.93087
-0.353968	-0.165556	7.93924
-0.353968	-0.165556	7.94757
-0.353968	-0.165556	7.95595
-0.353968	-0.165556	7.96427
-0.361164	-0.169486	7.97266
-0.361164	-0.169486	7.98101
-0.361164	-0.169486	7.98934
-0.361164	-0.169486	7.99784
-0.361164	-0.169486	8.00625
-0.361164	-0.169486	8.01463
-0.361164	-0.169486	8.0231
-0.361164	-0.169486	8.03168
-0.361164	-0.169486	8.04116
-0.363438	-0.187306	8.0495
-0.363438	-0.187306	8.05784
-0.363438	-0.187306	8.06634
-0.363438	-0.187306	8.07477
-0.363438	-0.187306	8.0832
-0.363438	-0.187306	8.09164
-0.363438	-0.187306	8.10017
-0.363438	-0.187306	8.10878
-0.363438	-0.187306	8.11713
-0.363438	-0.187306	8.12565
-0.367292	-0.162655	8.13404
-0.367292	-0.162655	8.14243
-0.367292	-0.162655	8.15084
-0.367292	-0.162655	8.15922
-0.367292	-0.162655	8.16778
-0.367292	-0.162655	8.17629
-0.367292	-0.162655	8.18485
-0.367292	-0.162655	8.19321
-0.367292	-0.162655	8.20168
-0.363104	-0.138404	8.21022
-0.363104	-0.138404	8.21867
-0.363104	-0.138404	8.22704
-0.363104	-0.138404	8.2353
-0.363104	-0.138404	8.2438
-0.363104	-0.138404	8.25229
-0.363104	-0.138404	8.26087
-0.363104	-0.138404	8.26926
-0.363104	-0.138404	8.27769
-0.363104	-0.138404	8.2861
-0.365024	-0.12146	8.29446
-0.365024	-0.12146	8.30278
-0.365024	-0.12146	8.31114
-0.365024	-0.12146	8.31962
-0.365024	-0.12146	8.32806
-0.365024	-0.12146	8.33647
-0.365024	-0.12146	8.34485
-0.365024	-0.12146	8.3532
-0.365024	-0.12146	8.3617
-0.375891	-0.120147	8.37013
-0.375891	-0.120147	8.37864
-0.375891	-0.120147	8.38727
-0.375891	-0.120147	8.39587
-0.375891	-0.120147	8.40427
-0.375891	-0.120147	8.41259
-0.375891	-0.120147	8.42095
-0.375891	-0.120147	8.42935
-0.375891	-0.120147	8.43772
-0.375891	-0.120147	8.44604
-0.383524	-0.120821	8.45434
-0.383524	-0.120821	8.46261
-0.383524	-0.120821	8.4711
-0.383524	-0.120821	8.47964
-0.383524	-0.120821	8.48814
-0.383524	-0.120821	8.49651
-0.383524	-0.120821	8.50491
-0.383524	-0.120821	8.51318
-0.383524	-0.120821	8.52161
-0.385939	-0.122475	8.53016
-0.385939	-0.122475	8.53875
-0.385939	-0.122475	8.54711
-0.385939	-0.122475	8.55565
-0.385939	-0.122475	8.56424
-0.385939	-0.122475	8.57259
-0.385939	-0.122475	8.58113
-0.385939	-0.122475	8.58966
-0.385939	-0.122475	8.59808
-0.385939	-0.122475	8.6065
-0.385554	-0.121797	8.61493
-0.385554	-0.121797	8.62331
-0.385554	-0.121797	8.6317
-0.385554	-0.121797	8.64004
-0.385554	-0.121797	8.64833
-0.385554	-0.121797	8.65681
-0.385554	-0.121797	8.66509
-0.385554	-0.121797	8.67349
-0.385554	-0.121797	8.68191
-0.38262	-0.119976	8.69052
-0.38262	-0.119976	8.69892
-0.38262	-0.119976	8.70725
-0.38262	-0.119976	8.71572
-0.38262	-0.119976	8.72429
-0.38262	-0.119976	8.73278
-0.38262	-0.119976	8.74392
-0.38262	-0.119976	8.75225
-0.38262	-0.119976	8.76077
-0.385408	-0.120341	8.77238
-0.385408	-0.120341	8.78385
-0.385408	-0.120341	8.79228
-0.385408	-0.120341	8.80092
-0.385408	-0.120341	8.80951
-0.385408	-0.120341	8.81787
-0.385408	-0.120341	8.82666
-0.385408	-0.120341	8.83517
-0.385408	-0.120341	8.84396
-0.385936	-0.120923	8.85253
-0.385936	-0.120923	8.86104
-0.385936	-0.120923	8.86944
-0.385936	-0.120923	8.87789
-0.385936	-0.120923	8.88634
-0.385936	-0.120923	8.89492
-0.385936	-0.120923	8.90346
-0.385936	-0.120923	8.91191
-0.385936	-0.120923	8.92036
-0.390026	-0.123635	8.92872
-0.390026	-0.123635	8.93716
-0.390026	-0.123635	8.94552
-0.390026	-0.123635	8.95393
-0.390026	-0.123635	8.96232
-0.390026	-0.123635	8.97083
-0.390026	-0.123635	8.97929
-0.390026	-0.123635	8.9877
-0.390026	-0.123635	8.99689
-0.390026	-0.123635	9.00528
-0.384571	-0.124746	9.01382
-0.384571	-0.124746	9.02243
-0.384571	-0.124746	9.03087
-0.384571	-0.124746	9.03992
-0.384571	-0.124746	9.04833
-0.384571	-0.124746	9.05667
-0.384571	-0.124746	9.06503
-0.384571	-0.124746	9.07339
-0.384571	-0.124746	9.08178
-0.369224	-0.102471	9.09025
-0.369224	-0.102471	9.09876
-0.369224	-0.102471	9.10723
-0.369224	-0.102471	9.11564
-0.369224	-0.102471	9.12403
-0.369224	-0.102471	9.13233
-0.369224	-0.102471	9.1408
-0.369224	-0.102471	9.14924
-0.369224	-0.102471	9.15764
-0.369224	-0.102471	9.16603
-0.358847	-0.0887734	9.17446
-0.358847	-0.0887734	9.18278
-0.358847	-0.0887734	9.19129
-0.358847	-0.0887734	9.19982
-0.358847	-0.0887734	9.20819
-0.358847	-0.0887734	9.21661
-0.358847	-0.0887734	9.22509
-0.358847	-0.0887734	9.23358
-0.358847	-0.0887734	9.242
-0.33899	-0.0875867	9.25041
-0.33899	-0.0875867	9.25897
-0.33899	-0.0875867	9.26743
-0.33899	-0.0875867	9.2759
-0.33899	-0.0875867	9.28431
-0.33899	-0.0875867	9.29272
-0.33899	-0.0875867	9.30109
-0.33899	-0.0875867	9.3096
-0.33899	-0.0875867	9.31818
-0.33899	-0.0875867	9.32658
-0.316355	-0.112666	9.33503
-0.316355	-0.112666	9.34339
-0.316355	-0.112666	9.35183
-0.316355	-0.112666	9.36032
-0.316355	-0.112666	9.36877
-0.316355	-0.112666	9.37717
-0.316355	-0.112666	9.38555
-0.316355	-0.112666	9.39387
-0.316355	-0.112666	9.40227
-0.310353	-0.117224	9.41078
-0.310353	-0.117224	9.41928
-0.310353	-0.117224	9.42778
-0.310353	-0.117224	9.43632
-0.310353	-0.117224	9.44487
-0.310353	-0.117224	9.45324
-0.310353	-0.117224	9.46171
-0.310353	-0.117224	9.47003
-0.310353	-0.117224	9.47851
-0.310353	-0.117224	9.48707
-0.321101	-0.113619	9.49546
-0.321101	-0.113619	9.50386
-0.321101	-0.113619	9.51233
-0.321101	-0.113619	9.52085
-0.321101	-0.113619	9.52926
-0.321101	-0.113619	9.53774
-0.321101	-0.113619	9.54607
-0.321101	-0.113619	9.55452
-0.321101	-0.113619	9.56311
-0.334309	-0.104154	9.57159
-0.334309	-0.104154	9.58037
-0.334309	-0.104154	9.58875
-0.334309	-0.104154	9.59703
-0.334309	-0.104154	9.60542
-0.334309	-0.104154	9.61392
-0.334309	-0.104154	9.62235
-0.334309	-0.104154	9.63075
-0.334309	-0.104154	9.6391
-0.333607	-0.10605	9.64748
-0.333607	-0.10605	9.65591
-0.333607	-0.10605	9.66433
-0.333607	-0.10605	9.67278
-0.333607	-0.10605	9.6813
-0.333607	-0.10605	9.68985
-0.333607	-0.10605	9.6983
-0.333607	-0.10605	9.70673
-0.333607	-0.10605	9.71509
-0.333607	-0.10605	9.72353
-0.323596	-0.116341	9.73204
-0.323596	-0.116341	9.74041
-0.323596	-0.116341	9.74887
-0.323596	-0.116341	9.75725
-0.323596	-0.116341	9.76553
-0.323596	-0.116341	9.77403
-0.323596	-0.116341	9.78256
-0.323596	-0.116341	9.79099
-0.323596	-0.116341	9.79937
-0.282468	-0.113319	9.80775
-0.282468	-0.113319	9.81619
-0.282468	-0.113319	9.82457
-0.282468	-0.113319	9.833
-0.282468	-0.113319	9.84139
-0.282468	-0.113319	9.84984
-0.282468	-0.113319	9.85828
-0.282468	-0.113319	9.86664
-0.282468	-0.113319	9.87498
-0.282468	-0.113319	9.88346
-0.263679	-0.0967178	9.89194
-0.263679	-0.0967178	9.9004
-0.263679	-0.0967178	9.90894
-0.263679	-0.0967178	9.9174
-0.263679	-0.0967178	9.92573
-0.263679	-0.0967178	9.93408
-0.263679	-0.0967178	9.94246
-0.263679	-0.0967178	9.95093
-0.263679	-0.0967178	9.9593
-0.261302	-0.0850059	9.96783
-0.261302	-0.0850059	9.97647
-0.261302	-0.0850059	9.98478
-0.261302	-0.0850059	9.99328
-0.261302	-0.0850059	10.0019
-0.261302	-0.0850059	10.0104
-0.261302	-0.0850059	10.0188
-0.261302	-0.0850059	10.0273
-0.261302	-0.0850059	10.0356
-0.261302	-0.0850059	10.044
-0.27213	-0.0724832	10.0523
-0.27213	-0.0724832	10.0608
-0.27213	-0.0724832	10.0693
-0.27213	-0.0724832	10.0776
-0.27213	-0.0724832	10.086
-0.27213	-0.0724832	10.0943
-0.27213	-0.0724832	10.1028
-0.27213	-0.0724832	10.1113
-0.27213	-0.0724832	10.1199
-0.282646	-0.0563408	10.1283
-0.282646	-0.0563408	10.1367
-0.282646	-0.0563408	10.1451
-0.282646	-0.0563408	10.1536
-0.282646	-0.0563408	10.162
-0.282646	-0.0563408	10.1706
-0.282646	-0.0563408	10.179
-0.282646	-0.0563408	10.1875
-0.282646	-0.0563408	10.1959
-0.282646	-0.0563408	10.2043
-0.292194	-0.0475188	10.2127
-0.292194	-0.0475188	10.221
-0.292194	-0.0475188	10.2294
-0.292194	-0.0475188	10.2378
-0.292194	-0.0475188	10.2462
-0.292194	-0.0475188	10.2547
-0.292194	-0.0475188	10.2631
-0.292194	-0.0475188	10.2717
-0.292194	-0.0475188	10.2801
-0.295282	-0.046254	10.2887
-0.295282	-0.046254	10.2971
-0.295282	-0.046254	10.3056
-0.295282	-0.046254	10.314
-0.295282	-0.046254	10.3226
-0.295282	-0.046254	10.3311
-0.295282	-0.046254	10.3397
-0.295282	-0.046254	10.3481
-0.295282	-0.046254	10.3566
-0.295282	-0.046254	10.3651
-0.29661	-0.0481486	10.3735
-0.29661	-0.0481486	10.3819
-0.29661	-0.0481486	10.3903
-0.29661	-0.0481486	10.3987
-0.29661	-0.0481486	10.4071
-0.29661	-0.0481486	10.4154
-0.29661	-0.0481486	10.4237
-0.29661	-0.0481486	10.4321
-0.29661	-0.0481486	10.4405
-0.300081	-0.0499256	10.449
-0.300081	-0.0499256	10.4575
-0.300081	-0.0499256	10.466
-0.300081	-0.0499256	10.4744
-0.300081	-0.0499256	10.4829
-0.300081	-0.0499256	10.4913
-0.300081	-0.0499256	10.4998
-0.300081	-0.0499256	10.508
-0.300081	-0.0499256	10.5165
-0.300081	-0.0499256	10.5249
-0.285067	-0.0546303	10.5333
-0.285067	-0.0546303	10.5417
-0.285067	-0.0546303	10.5502
-0.285067	-0.0546303	10.5588
-0.285067	-0.0546303	10.5673
-0.285067	-0.0546303	10.5789
-0.285067	-0.0546303	10.5873
-0.285067	-0.0546303	10.5955
-0.285067	-0.0546303	10.6039
-0.273439	-0.047949	10.6123
-0.273439	-0.047949	10.6208
-0.273439	-0.047949	10.6292
-0.273439	-0.047949	10.6376
-0.273439	-0.047949	10.646
-0.273439	-0.047949	10.6544
-0.273439	-0.047949	10.6628
-0.273439	-0.047949	10.6713
-0.273439	-0.047949	10.6798
-0.272171	-0.0464433	10.6883
-0.272171	-0.0464433	10.6969
-0.272171	-0.0464433	10.7054
-0.272171	-0.0464433	10.7139
-0.272171	-0.0464433	10.7224
-0.272171	-0.0464433	10.7309
-0.272171	-0.0464433	10.7393
-0.272171	-0.0464433	10.7479
-0.272171	-0.0464433	10.7564
-0.272171	-0.0464433	10.7648
-0.272869	-0.0479675	10.7733
-0.272869	-0.0479675	10.7817
-0.272869	-0.0479675	10.7901
-0.272869	-0.0479675	10.7985
-0.272869	-0.0479675	10.807
-0.272869	-0.0479675	10.8154
-0.272869	-0.0479675	10.8238
-0.272869	-0.0479675	10.8321
-0.272869	-0.0479675	10.8405
-0.273471	-0.0492185	10.8489
-0.273471	-0.0492185	10.8572
-0.273471	-0.0492185	10.8657
-0.273471	-0.0492185	10.874
-0.273471	-0.0492185	10.8824
-0.273471	-0.0492185	10.8907
-0.273471	-0.0492185	10.899
-0.273471	-0.0492185	10.9075
-0.273471	-0.0492185	10.916
-0.273471	-0.0492185	10.9244
-0.272488	-0.0502975	10.9329
-0.272488	-0.0502975	10.9414
-0.272488	-0.0502975	10.9498
-0.272488	-0.0502975	10.9581
-0.272488	-0.0502975	10.9664
-0.272488	-0.0502975	10.9749
-0.272488	-0.0502975	10.9833
-0.272488	-0.0502975	10.9918
-0.272488	-0.0502975	11.0003
-0.27305	-0.0513124	11.0087
-0.27305	-0.0513124	11.0172
-0.27305	-0.0513124	11.0255
-0.27305	-0.0513124	11.0339
-0.27305	-0.0513124	11.0426
-0.27305	-0.0513124	11.0512
-0.27305	-0.0513124	11.0597
-0.27305	-0.0513124	11.0681
-0.27305	-0.0513124	11.0765
-0.27305	-0.0513124	11.085
-0.273602	-0.0541607	11.0934
-0.273602	-0.0541607	11.1018
-0.273602	-0.0541607	11.1104
-0.273602	-0.0541607	11.1188
-0.273602	-0.0541607	11.1273
-0.273602	-0.0541607	11.1358
-0.273602	-0.0541607	11.1441
-0.273602	-0.0541607	11.1526
-0.273602	-0.0541607	11.1611
-0.275009	-0.0585367	11.1695
-0.275009	-0.0585367	11.1781
-0.275009	-0.0585367	11.1867
-0.275009	-0.0585367	11.1951
-0.275009	-0.0585367	11.2037
-0.275009	-0.0585367	11.2122
-0.275009	-0.0585367	11.2207
-0.275009	-0.0585367	11.2292
-0.275009	-0.0585367	11.2376
-0.275009	-0.0585367	11.2461
-0.271791	-0.0658691	11.2546
-0.271791	-0.0658691	11.2632
-0.271791	-0.0658691	11.2716
-0.271791	-0.0658691	11.2799
-0.271791	-0.0658691	11.2883
-0.271791	-0.0658691	11.2969
-0.271791	-0.0658691	11.3054
-0.271791	-0.0658691	11.3138
-0.271791	-0.0658691	11.3223
-0.237205	-0.0688376	11.331
-0.237205	-0.0688376	11.3393
-0.237205	-0.0688376	11.3478
-0.237205	-0.0688376	11.3562
-0.237205	-0.0688376	11.3647
-0.237205	-0.0688376	11.373
-0.237205	-0.0688376	11.3815
-0.237205	-0.0688376	11.3899
-0.237205	-0.0688376	11.3983
-0.237205	-0.0688376	11.4067
-0.233381	-0.0589162	11.4151
-0.233381	-0.0589162	11.4236
-0.233381	-0.0589162	11.4319
-0.233381	-0.0589162	11.4402
-0.233381	-0.0589162	11.4485
-0.233381	-0.0589162	11.4569
-0.233381	-0.0589162	11.4653
-0.233381	-0.0589162	11.4737
-0.233381	-0.0589162	11.4821
-0.239536	-0.0495294	11.4905
-0.239536	-0.0495294	11.499
-0.239536	-0.0495294	11.5075
-0.239536	-0.0495294	11.5159
-0.239536	-0.0495294	11.5242
-0.239536	-0.0495294	11.5326
-0.239536	-0.0495294	11.541
-0.239536	-0.0495294	11.5495
-0.239536	-0.0495294	11.5579
-0.24428	-0.0473522	11.5681
-0.24428	-0.0473522	11.5766
-0.24428	-0.0473522	11.585
-0.24428	-0.0473522	11.5935
-0.24428	-0.0473522	11.6019
-0.24428	-0.0473522	11.6104
-0.24428	-0.0473522	11.6188
-0.24428	-0.0473522	11.6272
-0.24428	-0.0473522	11.6357
-0.24428	-0.0473522	11.6441
-0.244458	-0.0460864	11.6525
-0.244458	-0.0460864	11.6608
-0.244458	-0.0460864	11.6693
-0.244458	-0.0460864	11.6777
-0.244458	-0.0460864	11.6862
-0.244458	-0.0460864	11.6946
-0.244458	-0.0460864	11.703
-0.244458	-0.0460864	11.7114
-0.244458	-0.0460864	11.7198
-0.242136	-0.046724	11.7282
-0.242136	-0.046724	11.7365
-0.242136	-0.046724	11.7449
-0.242136	-0.046724	11.7533
-0.242136	-0.046724	11.7618
-0.242136	-0.046724	11.7701
-0.242136	-0.046724	11.7785
-0.242136	-0.046724	11.7869
-0.242136	-0.046724	11.7954
-0.242136	-0.046724	11.8037
-0.240958	-0.0534046	11.8122
-0.240958	-0.0534046	11.8206
-0.240958	-0.0534046	11.829
-0.240958	-0.0534046	11.8374
-0.240958	-0.0534046	11.8459
-0.240958	-0.0534046	11.8543
-0.240958	-0.0534046	11.8627
-0.240958	-0.0534046	11.8711
-0.240958	-0.0534046	11.8795
-0.239332	-0.0606403	11.888
-0.239332	-0.0606403	11.8964
-0.239332	-0.0606403	11.9048
-0.239332	-0.0606403	11.9132
-0.239332	-0.0606403	11.9216
-0.239332	-0.0606403	11.9302
-0.239332	-0.0606403	11.9389
-0.239332	-0.0606403	11.9474
-0.239332	-0.0606403	11.9559
-0.239332	-0.0606403	11.9644
-0.2381	-0.0630953	11.9728
-0.2381	-0.0630953	11.9812
-0.2381	-0.0630953	11.9896
-0.2381	-0.0630953	11.998
