-0.280971	-0.0560273	0.006533
-0.280971	-0.0560273	0.014889
-0.280971	-0.0560273	0.023602
-0.280971	-0.0560273	0.032179
-0.280971	-0.0560273	0.040646
-0.280971	-0.0560273	0.049208
-0.280971	-0.0560273	0.057936
-0.280971	-0.0560273	0.066394
-0.280971	-0.0560273	0.074772
-0.280971	-0.0560273	0.083106
-0.280971	-0.0560273	0.091413
-0.280971	-0.0560273	0.099947
-0.280971	-0.0560273	0.108364
-0.280971	-0.0560273	0.116838
-0.280971	-0.0560273	0.125255
0.00534614	-0.00521945	0.133572
0.00534614	-0.00521945	0.141911
0.00534614	-0.00521945	0.150478
0.00534614	-0.00521945	0.158831
0.00534614	-0.00521945	0.167209
0.00534614	-0.00521945	0.178075
0.00534614	-0.00521945	0.186601
0.00534614	-0.00521945	0.195075
0.00534614	-0.00521945	0.203553
0.0502424	-0.00673033	0.211963
0.0502424	-0.00673033	0.220394
0.0502424	-0.00673033	0.228892
0.0502424	-0.00673033	0.237379
0.0502424	-0.00673033	0.245804
0.0502424	-0.00673033	0.254251
0.0502424	-0.00673033	0.262589
0.0502424	-0.00673033	0.271082
0.0502424	-0.00673033	0.279538
0.0502424	-0.00673033	0.287992
0.0409173	0.0436819	0.29924
0.0409173	0.0436819	0.322658
0.0409173	0.0436819	0.331088
0.0409173	0.0436819	0.33952
0.0409173	0.0436819	0.348011
0.0409173	0.0436819	0.356391
0.0409173	0.0436819	0.364826
0.0409173	0.0436819	0.373395
0.0409173	0.0436819	0.38181
0.0409173	0.0436819	0.39015
-0.0121991	0.00550604	0.398599
-0.0121991	0.00550604	0.4076
-0.0121991	0.00550604	0.415999
-0.0121991	0.00550604	0.424453
-0.0121991	0.00550604	0.432851
-0.0121991	0.00550604	0.44131
-0.0121991	0.00550604	0.44968
-0.0121991	0.00550604	0.458101
-0.0121991	0.00550604	0.466515
-0.108248	0.0143033	0.475324
-0.108248	0.0143033	0.483814
-0.108248	0.0143033	0.492306
-0.108248	0.0143033	0.500841
-0.108248	0.0143033	0.509271
-0.108248	0.0143033	0.517708
-0.108248	0.0143033	0.526092
-0.108248	0.0143033	0.534556
-0.108248	0.0143033	0.54315
-0.108248	0.0143033	0.551545
-0.147276	0.0250227	0.559875
-0.147276	0.0250227	0.568206
-0.147276	0.0250227	0.576571
-0.147276	0.0250227	0.584945
-0.147276	0.0250227	0.59325
-0.147276	0.0250227	0.60167
-0.147276	0.0250227	0.610207
-0.147276	0.0250227	0.618585
-0.147276	0.0250227	0.626994
-0.15522	0.023263	0.635329
-0.15522	0.023263	0.643754
-0.15522	0.023263	0.652197
-0.15522	0.023263	0.660569
-0.15522	0.023263	0.668943
-0.15522	0.023263	0.677637
-0.15522	0.023263	0.686083
-0.15522	0.023263	0.694544
-0.15522	0.023263	0.702992
-0.15522	0.023263	0.711491
-0.140618	0.0284854	0.719988
-0.140618	0.0284854	0.728385
-0.140618	0.0284854	0.737108
-0.140618	0.0284854	0.745424
-0.140618	0.0284854	0.753913
-0.140618	0.0284854	0.762346
-0.140618	0.0284854	0.770732
-0.140618	0.0284854	0.780416
-0.140618	0.0284854	0.788841
-0.123552	0.0363898	0.797392
-0.123552	0.0363898	0.805897
-0.123552	0.0363898	0.814292
-0.123552	0.0363898	0.822637
-0.123552	0.0363898	0.831076
-0.123552	0.0363898	0.839645
-0.123552	0.0363898	0.848045
-0.123552	0.0363898	0.856386
-0.123552	0.0363898	0.864742
-0.115706	0.0398608	0.873128
-0.115706	0.0398608	0.881471
-0.115706	0.0398608	0.889809
-0.115706	0.0398608	0.898195
-0.115706	0.0398608	0.906584
-0.115706	0.0398608	0.915037
-0.115706	0.0398608	0.923422
-0.115706	0.0398608	0.931858
-0.115706	0.0398608	0.940203
-0.115706	0.0398608	0.948613
-0.0775549	0.0562882	0.957003
-0.0775549	0.0562882	0.965466
-0.0775549	0.0562882	0.973923
-0.0775549	0.0562882	0.982299
-0.0775549	0.0562882	0.99074
-0.0775549	0.0562882	0.999172
-0.0775549	0.0562882	1.00762
-0.0775549	0.0562882	1.0161
-0.0775549	0.0562882	1.02451
-0.0766226	0.0578273	1.03287
-0.0766226	0.0578273	1.04129
-0.0766226	0.0578273	1.04971
-0.0766226	0.0578273	1.05925
-0.0766226	0.0578273	1.06766
-0.0766226	0.0578273	1.07614
-0.0766226	0.0578273	1.08563
-0.0766226	0.0578273	1.09396
-0.0766226	0.0578273	1.10235
-0.0766226	0.0578273	1.11071
-0.0895782	0.0400644	1.1191
-0.0895782	0.0400644	1.1275
-0.0895782	0.0400644	1.136
-0.0895782	0.0400644	1.14437
-0.0895782	0.0400644	1.15274
-0.0895782	0.0400644	1.16108
-0.0895782	0.0400644	1.16949
-0.0895782	0.0400644	1.17804
-0.0895782	0.0400644	1.18656
-0.0658337	0.00120945	1.19496
-0.0658337	0.00120945	1.20349
-0.0658337	0.00120945	1.21203
-0.0658337	0.00120945	1.22041
-0.0658337	0.00120945	1.22901
-0.0658337	0.00120945	1.23742
-0.0658337	0.00120945	1.24645
-0.0658337	0.00120945	1.25595
-0.0658337	0.00120945	1.26453
-0.0270102	0.0413435	1.27303
-0.0270102	0.0413435	1.28137
-0.0270102	0.0413435	1.2898
-0.0270102	0.0413435	1.29832
-0.0270102	0.0413435	1.30676
-0.0270102	0.0413435	1.31516
-0.0270102	0.0413435	1.32428
-0.0270102	0.0413435	1.3326
-0.0270102	0.0413435	1.34098
-0.0270102	0.0413435	1.34945
-0.0292257	0.0314196	1.35782
-0.0292257	0.0314196	1.36625
-0.0292257	0.0314196	1.37462
-0.0292257	0.0314196	1.38756
-0.0292257	0.0314196	1.39593
-0.0292257	0.0314196	1.40432
-0.0292257	0.0314196	1.41586
-0.0292257	0.0314196	1.42429
-0.0280691	0.0331699	1.43275
-0.0280691	0.0331699	1.44122
-0.0280691	0.0331699	1.4496
-0.0280691	0.0331699	1.45805
-0.0280691	0.0331699	1.46646
-0.0280691	0.0331699	1.47486
-0.0280691	0.0331699	1.48326
-0.0280691	0.0331699	1.49171
-0.0280691	0.0331699	1.50015
-0.0280691	0.0331699	1.50858
-0.0319301	0.0302981	1.51687
-0.0319301	0.0302981	1.52509
-0.0319301	0.0302981	1.53334
-0.0319301	0.0302981	1.5418
-0.0319301	0.0302981	1.55016
-0.0319301	0.0302981	1.55851
-0.0319301	0.0302981	1.56709
-0.0319301	0.0302981	1.57557
-0.0319301	0.0302981	1.5839
-0.0319301	0.0302981	1.59237
-0.0436723	0.0144204	1.60087
-0.0436723	0.0144204	1.60926
-0.0436723	0.0144204	1.61768
-0.0436723	0.0144204	1.62607
-0.0436723	0.0144204	1.63443
-0.0436723	0.0144204	1.64279
-0.0436723	0.0144204	1.65119
-0.0436723	0.0144204	1.65957
-0.0436723	0.0144204	1.66789
-0.0516449	0.0227123	1.67631
-0.0516449	0.0227123	1.6848
-0.0516449	0.0227123	1.69323
-0.0516449	0.0227123	1.70166
-0.0516449	0.0227123	1.71009
-0.0516449	0.0227123	1.71853
-0.0516449	0.0227123	1.7269
-0.0516449	0.0227123	1.7354
-0.0516449	0.0227123	1.74426
-0.0767084	0.0163199	1.75269
-0.0767084	0.0163199	1.76132
-0.0767084	0.0163199	1.76978
-0.0767084	0.0163199	1.77817
-0.0767084	0.0163199	1.78647
-0.0767084	0.0163199	1.79489
-0.0767084	0.0163199	1.80325
-0.0767084	0.0163199	1.81163
-0.0767084	0.0163199	1.82015
-0.0767084	0.0163199	1.82858
-0.0936851	0.014363	1.83695
-0.0936851	0.014363	1.84537
-0.0936851	0.014363	1.85377
-0.0936851	0.014363	1.86219
-0.0936851	0.014363	1.87071
-0.0936851	0.014363	1.87927
-0.0936851	0.014363	1.8876
-0.0936851	0.014363	1.89596
-0.0936851	0.014363	1.90439
-0.0782902	0.0167561	1.91276
-0.0782902	0.0167561	1.92111
-0.0782902	0.0167561	1.92959
-0.0782902	0.0167561	1.93806
-0.0782902	0.0167561	1.94651
-0.0782902	0.0167561	1.95499
-0.0782902	0.0167561	1.96352
-0.0782902	0.0167561	1.97198
-0.0782902	0.0167561	1.98041
-0.0782902	0.0167561	1.98891
-0.0558386	0.0206075	1.99743
-0.0558386	0.0206075	2.00585
-0.0558386	0.0206075	2.01417
-0.0558386	0.0206075	2.02251
-0.0558386	0.0206075	2.03092
-0.0558386	0.0206075	2.03929
-0.0558386	0.0206075	2.04777
-0.0558386	0.0206075	2.0563
-0.0558386	0.0206075	2.06474
-0.0558386	0.0206075	2.07311
-0.0289055	0.0293379	2.08149
-0.0289055	0.0293379	2.08995
-0.0289055	0.0293379	2.09835
-0.0289055	0.0293379	2.10696
-0.0289055	0.0293379	2.11541
-0.0289055	0.0293379	2.12394
-0.0289055	0.0293379	2.13247
-0.0289055	0.0293379	2.14093
-0.0289055	0.0293379	2.14942
-0.0289055	0.0293379	2.15781
0.000509955	0.0402113	2.16626
0.000509955	0.0402113	2.17473
0.000509955	0.0402113	2.18315
0.000509955	0.0402113	2.19147
0.000509955	0.0402113	2.19999
0.000509955	0.0402113	2.20845
0.000509955	0.0402113	2.21687
0.000509955	0.0402113	2.22536
0.000509955	0.0402113	2.23376
0.00216445	0.0406589	2.24212
0.00216445	0.0406589	2.25053
0.00216445	0.0406589	2.25889
0.00216445	0.0406589	2.26728
0.00216445	0.0406589	2.27576
0.00216445	0.0406589	2.28417
0.00216445	0.0406589	2.29258
0.00216445	0.0406589	2.30105
0.00216445	0.0406589	2.30958
0.00216445	0.0406589	2.31807
0.00321516	0.041213	2.32645
0.00321516	0.041213	2.33495
0.00321516	0.041213	2.34349
0.00321516	0.041213	2.35187
0.00321516	0.041213	2.36034
0.00321516	0.041213	2.36866
0.00321516	0.041213	2.37696
0.00321516	0.041213	2.38537
0.00321516	0.041213	2.39377
0.00348651	0.0432551	2.4021
0.00348651	0.0432551	2.41049
0.00348651	0.0432551	2.419
0.00348651	0.0432551	2.42738
0.00348651	0.0432551	2.43574
0.00348651	0.0432551	2.44403
0.00348651	0.0432551	2.45246
0.00348651	0.0432551	2.46086
0.00348651	0.0432551	2.46959
0.00348651	0.0432551	2.47805
0.00481535	0.043579	2.48654
0.00481535	0.043579	2.49485
0.00481535	0.043579	2.50326
0.00481535	0.043579	2.51177
0.00481535	0.043579	2.52011
0.00481535	0.043579	2.52856
0.00481535	0.043579	2.53701
0.00481535	0.043579	2.54543
0.00481535	0.043579	2.55376
0.00450625	0.044002	2.5622
0.00450625	0.044002	2.57063
0.00450625	0.044002	2.57902
0.00450625	0.044002	2.58743
0.00450625	0.044002	2.59583
0.00450625	0.044002	2.60441
0.00450625	0.044002	2.6128
0.00450625	0.044002	2.62128
0.00450625	0.044002	2.62964
0.00450625	0.044002	2.63836
-0.0116971	0.0109889	2.64686
-0.0116971	0.0109889	2.65529
-0.0116971	0.0109889	2.66374
-0.0116971	0.0109889	2.6722
-0.0116971	0.0109889	2.68058
-0.0116971	0.0109889	2.68902
-0.0116971	0.0109889	2.69742
-0.0116971	0.0109889	2.70575
-0.0116971	0.0109889	2.71419
0.0328296	0.00396536	2.72264
0.0328296	0.00396536	2.73104
0.0328296	0.00396536	2.7395
0.0328296	0.00396536	2.74853
0.0328296	0.00396536	2.75697
0.0328296	0.00396536	2.76546
0.0328296	0.00396536	2.77403
0.0328296	0.00396536	2.78247
0.0328296	0.00396536	2.79092
0.0515777	0.0286014	2.79927
0.0515777	0.0286014	2.80769
0.0515777	0.0286014	2.81601
0.0515777	0.0286014	2.8243
0.0515777	0.0286014	2.83257
0.0515777	0.0286014	2.84114
0.0515777	0.0286014	2.84949
0.0515777	0.0286014	2.85781
0.0515777	0.0286014	2.86613
0.0515777	0.0286014	2.87455
0.0495939	0.0241847	2.88296
0.0495939	0.0241847	2.89128
0.0495939	0.0241847	2.90008
0.0495939	0.0241847	2.90845
0.0495939	0.0241847	2.91683
0.0495939	0.0241847	2.9252
0.0495939	0.0241847	2.93364
0.0495939	0.0241847	2.94198
0.0495939	0.0241847	2.95034
0.0495939	0.0241847	2.95873
0.0511458	0.0220828	2.96707
0.0511458	0.0220828	2.97542
0.0511458	0.0220828	2.98374
0.0511458	0.0220828	2.99208
0.0511458	0.0220828	3.00045
0.0511458	0.0220828	3.00896
0.0511458	0.0220828	3.01756
0.0511458	0.0220828	3.0266
0.0511458	0.0220828	3.03507
0.0515783	0.0258723	3.04347
0.0515783	0.0258723	3.05187
0.0515783	0.0258723	3.06027
0.0515783	0.0258723	3.06887
0.0515783	0.0258723	3.07728
0.0515783	0.0258723	3.08573
0.0515783	0.0258723	3.09426
0.0515783	0.0258723	3.10272
0.0515783	0.0258723	3.11105
0.0471716	0.0119199	3.1195
0.0471716	0.0119199	3.12786
0.0471716	0.0119199	3.13634
0.0471716	0.0119199	3.14487
0.0471716	0.0119199	3.15352
0.0471716	0.0119199	3.16185
0.0471716	0.0119199	3.17028
0.0471716	0.0119199	3.17876
0.0471716	0.0119199	3.18871
0.0471716	0.0119199	3.19714
0.0273219	0.00108586	3.20592
0.0273219	0.00108586	3.21442
0.0273219	0.00108586	3.22285
0.0273219	0.00108586	3.23119
0.0273219	0.00108586	3.23948
0.0273219	0.00108586	3.24784
0.0273219	0.00108586	3.25619
0.0273219	0.00108586	3.26456
0.0273219	0.00108586	3.27294
0.0162059	0.00534252	3.28137
0.0162059	0.00534252	3.28978
0.0162059	0.00534252	3.29834
0.0162059	0.00534252	3.30685
0.0162059	0.00534252	3.3155
0.0162059	0.00534252	3.32396
0.0162059	0.00534252	3.33259
0.0162059	0.00534252	3.34112
0.0162059	0.00534252	3.34952
0.0162059	0.00534252	3.35796
0.0165529	0.00575086	3.3665
0.0165529	0.00575086	3.37498
0.0165529	0.00575086	3.38344
0.0165529	0.00575086	3.39191
0.0165529	0.00575086	3.40027
0.0165529	0.00575086	3.4089
0.0165529	0.00575086	3.41739
0.0165529	0.00575086	3.4258
0.0165529	0.00575086	3.43424
0.0139343	0.00408341	3.44269
0.0139343	0.00408341	3.45132
0.0139343	0.00408341	3.4598
0.0139343	0.00408341	3.46813
0.0139343	0.00408341	3.4766
0.0139343	0.00408341	3.48514
0.0139343	0.00408341	3.4942
0.0139343	0.00408341	3.50263
0.0139343	0.00408341	3.51106
0.00577343	0.00202175	3.51947
0.00577343	0.00202175	3.52781
0.00577343	0.00202175	3.53623
0.00577343	0.00202175	3.5446
0.00577343	0.00202175	3.55301
0.00577343	0.00202175	3.5614
0.00577343	0.00202175	3.56978
0.00577343	0.00202175	3.57816
0.00577343	0.00202175	3.58655
0.00577343	0.00202175	3.59496
0.00986404	0.00372784	3.60332
0.00986404	0.00372784	3.61174
0.00986404	0.00372784	3.62018
0.00986404	0.00372784	3.62852
0.00986404	0.00372784	3.63706
0.00986404	0.00372784	3.64552
0.00986404	0.00372784	3.65397
0.00986404	0.00372784	3.6623
0.00986404	0.00372784	3.67084
0.00986404	0.00372784	3.67919
0.013382	0.00627422	3.68768
0.013382	0.00627422	3.69615
0.013382	0.00627422	3.70466
0.013382	0.00627422	3.7132
0.013382	0.00627422	3.72178
0.013382	0.00627422	3.7303
0.013382	0.00627422	3.73875
0.013382	0.00627422	3.74704
0.013382	0.00627422	3.75541
0.0191129	0.00986972	3.76379
0.0191129	0.00986972	3.7723
0.0191129	0.00986972	3.78069
0.0191129	0.00986972	3.78929
0.0191129	0.00986972	3.79782
0.0191129	0.00986972	3.80628
0.0191129	0.00986972	3.81484
0.0191129	0.00986972	3.82347
0.0191129	0.00986972	3.83188
0.041698	0.0222688	3.84031
0.041698	0.0222688	3.84891
0.041698	0.0222688	3.85735
0.041698	0.0222688	3.86576
0.041698	0.0222688	3.87416
0.041698	0.0222688	3.88251
0.041698	0.0222688	3.89092
0.041698	0.0222688	3.89921
0.041698	0.0222688	3.90753
0.041698	0.0222688	3.91593
0.071283	0.0393452	3.92442
0.071283	0.0393452	3.93296
0.071283	0.0393452	3.94143
0.071283	0.0393452	3.94979
0.071283	0.0393452	3.95901
0.071283	0.0393452	3.96761
0.071283	0.0393452	3.97598
0.071283	0.0393452	3.98441
0.071283	0.0393452	3.99282
0.0713071	0.0395658	4.00311
0.0713071	0.0395658	4.01155
0.0713071	0.0395658	4.02257
0.0713071	0.0395658	4.03106
0.0713071	0.0395658	4.03999
0.0713071	0.0395658	4.04845
0.0713071	0.0395658	4.05751
0.0713071	0.0395658	4.06596
0.0713071	0.0395658	4.07442
0.0716466	0.0400772	4.08277
0.0716466	0.0400772	4.09115
0.0716466	0.0400772	4.10175
0.0716466	0.0400772	4.11006
0.0716466	0.0400772	4.11874
0.0716466	0.0400772	4.1271
0.0716466	0.0400772	4.13552
0.0716466	0.0400772	4.14405
0.0716466	0.0400772	4.15244
0.0713559	0.0407636	4.16104
0.0713559	0.0407636	4.16967
0.0713559	0.0407636	4.17812
0.0713559	0.0407636	4.18641
0.0713559	0.0407636	4.19594
0.0713559	0.0407636	4.20441
0.0713559	0.0407636	4.21273
0.0713559	0.0407636	4.22105
0.0713559	0.0407636	4.22945
0.0713559	0.0407636	4.23785
0.0770633	-0.00554485	4.24623
0.0770633	-0.00554485	4.25464
0.0770633	-0.00554485	4.26305
0.0770633	-0.00554485	4.27151
0.0770633	-0.00554485	4.27992
0.0770633	-0.00554485	4.28838
0.0770633	-0.00554485	4.2976
0.0770633	-0.00554485	4.30598
0.0770633	-0.00554485	4.31445
0.078881	0.0711748	4.3228
0.078881	0.0711748	4.3312
0.078881	0.0711748	4.33952
0.078881	0.0711748	4.34788
0.078881	0.0711748	4.3564
0.078881	0.0711748	4.36486
0.078881	0.0711748	4.37322
0.078881	0.0711748	4.38159
0.078881	0.0711748	4.38999
0.078881	0.0711748	4.39864
0.0832966	0.0493793	4.40706
0.0832966	0.0493793	4.41546
0.0832966	0.0493793	4.4238
0.0832966	0.0493793	4.43218
0.0832966	0.0493793	4.44062
0.0832966	0.0493793	4.44897
0.0832966	0.0493793	4.45733
0.0832966	0.0493793	4.4659
0.0832966	0.0493793	4.47545
0.0840518	0.0567591	4.48393
0.0840518	0.0567591	4.49224
0.0840518	0.0567591	4.5006
0.0840518	0.0567591	4.509
0.0840518	0.0567591	4.51768
0.0840518	0.0567591	4.52604
0.0840518	0.0567591	4.53448
0.0840518	0.0567591	4.5429
0.0840518	0.0567591	4.55122
0.0851792	0.0560461	4.55961
0.0851792	0.0560461	4.56798
0.0851792	0.0560461	4.57632
0.0851792	0.0560461	4.58464
0.0851792	0.0560461	4.59296
0.0851792	0.0560461	4.60129
0.0851792	0.0560461	4.60964
0.0851792	0.0560461	4.61799
0.0851792	0.0560461	4.62639
0.0851792	0.0560461	4.63472
0.0827707	0.0482289	4.64308
0.0827707	0.0482289	4.6514
0.0827707	0.0482289	4.65982
0.0827707	0.0482289	4.66824
0.0827707	0.0482289	4.67662
0.0827707	0.0482289	4.68498
0.0827707	0.0482289	4.69355
0.0827707	0.0482289	4.7019
0.0827707	0.0482289	4.71044
0.0827707	0.0482289	4.71888
0.0795832	0.0289511	4.72749
0.0795832	0.0289511	4.73606
0.0795832	0.0289511	4.74445
0.0795832	0.0289511	4.75285
0.0795832	0.0289511	4.76426
0.0795832	0.0289511	4.77284
0.0795832	0.0289511	4.7812
0.0795832	0.0289511	4.78959
0.0795832	0.0289511	4.79794
0.0599493	0.025543	4.80642
0.0599493	0.025543	4.81499
0.0599493	0.025543	4.82357
0.0599493	0.025543	4.83213
0.0599493	0.025543	4.84061
0.0599493	0.025543	4.84914
0.0599493	0.025543	4.8577
0.0599493	0.025543	4.86625
0.0599493	0.025543	4.87473
0.0242181	-0.000283173	4.88323
0.0242181	-0.000283173	4.89187
0.0242181	-0.000283173	4.90037
0.0242181	-0.000283173	4.9087
0.0242181	-0.000283173	4.91719
0.0242181	-0.000283173	4.9256
0.0242181	-0.000283173	4.93414
0.0242181	-0.000283173	4.94272
0.0242181	-0.000283173	4.95126
0.0102754	-0.0132986	4.95971
0.0102754	-0.0132986	4.96807
0.0102754	-0.0132986	4.97651
0.0102754	-0.0132986	4.98494
0.0102754	-0.0132986	4.99335
0.0102754	-0.0132986	5.00167
0.0102754	-0.0132986	5.01007
0.0102754	-0.0132986	5.0184
0.0102754	-0.0132986	5.02677
0.0102754	-0.0132986	5.0351
0.0426919	0.0118741	5.04361
0.0426919	0.0118741	5.05201
0.0426919	0.0118741	5.06034
0.0426919	0.0118741	5.06862
0.0426919	0.0118741	5.07704
0.0426919	0.0118741	5.08556
0.0426919	0.0118741	5.09411
0.0426919	0.0118741	5.10246
0.0426919	0.0118741	5.11091
0.0666774	0.0307287	5.11938
0.0666774	0.0307287	5.12788
0.0666774	0.0307287	5.13634
0.0666774	0.0307287	5.1447
0.0666774	0.0307287	5.15332
0.0666774	0.0307287	5.16173
0.0666774	0.0307287	5.17012
0.0666774	0.0307287	5.17867
0.0666774	0.0307287	5.18708
0.0666774	0.0307287	5.19557
0.102475	0.0685207	5.20407
0.102475	0.0685207	5.21264
0.102475	0.0685207	5.22099
0.102475	0.0685207	5.22951
0.102475	0.0685207	5.23789
0.102475	0.0685207	5.24644
0.102475	0.0685207	5.25499
0.102475	0.0685207	5.26357
0.102475	0.0685207	5.27198
0.111595	0.0774668	5.28029
0.111595	0.0774668	5.28875
0.111595	0.0774668	5.29729
0.111595	0.0774668	5.30567
0.111595	0.0774668	5.31412
0.111595	0.0774668	5.32256
0.111595	0.0774668	5.33093
0.111595	0.0774668	5.33946
0.111595	0.0774668	5.348
0.111595	0.0774668	5.35642
0.11163	0.077897	5.36496
0.11163	0.077897	5.37359
0.11163	0.077897	5.38212
0.11163	0.077897	5.39051
0.11163	0.077897	5.39887
0.11163	0.077897	5.40735
0.11163	0.077897	5.41578
0.11163	0.077897	5.42424
0.11163	0.077897	5.43265
0.113594	0.0790011	5.44128
0.113594	0.0790011	5.44993
0.113594	0.0790011	5.45831
0.113594	0.0790011	5.4668
0.113594	0.0790011	5.47534
0.113594	0.0790011	5.4838
0.113594	0.0790011	5.49235
0.113594	0.0790011	5.50106
0.113594	0.0790011	5.50941
0.113594	0.0790011	5.51784
0.113791	0.079041	5.52625
0.113791	0.079041	5.53458
0.113791	0.079041	5.54309
0.113791	0.079041	5.55161
0.113791	0.079041	5.55998
0.113791	0.079041	5.56835
0.113791	0.079041	5.57682
0.113791	0.079041	5.5852
0.113791	0.079041	5.5938
0.113831	0.0793604	5.60217
0.113831	0.0793604	5.61054
0.113831	0.0793604	5.61895
0.113831	0.0793604	5.62743
0.113831	0.0793604	5.63597
0.113831	0.0793604	5.6443
0.113831	0.0793604	5.65263
0.113831	0.0793604	5.66098
0.113831	0.0793604	5.66939
0.113831	0.0793604	5.67768
0.114017	0.079504	5.68601
0.114017	0.079504	5.69445
0.114017	0.079504	5.70286
0.114017	0.079504	5.71125
0.114017	0.079504	5.71956
0.114017	0.079504	5.728
0.114017	0.079504	5.73651
0.114017	0.079504	5.74498
0.114017	0.079504	5.75342
0.105483	0.0446685	5.76177
0.105483	0.0446685	5.77018
0.105483	0.0446685	5.77857
0.105483	0.0446685	5.78698
0.105483	0.0446685	5.79539
0.105483	0.0446685	5.8037
0.105483	0.0446685	5.81219
0.105483	0.0446685	5.82071
0.105483	0.0446685	5.82906
0.105483	0.0446685	5.83757
0.143729	0.0735348	5.84611
0.143729	0.0735348	5.85456
0.143729	0.0735348	5.86298
0.143729	0.0735348	5.87149
0.143729	0.0735348	5.87984
0.143729	0.0735348	5.88823
0.143729	0.0735348	5.89661
0.143729	0.0735348	5.905
0.143729	0.0735348	5.91339
0.142166	0.0962127	5.92175
0.142166	0.0962127	5.93025
0.142166	0.0962127	5.93856
0.142166	0.0962127	5.94712
0.142166	0.0962127	5.95572
0.142166	0.0962127	5.96432
0.142166	0.0962127	5.97271
0.142166	0.0962127	5.98119
0.142166	0.0962127	5.98953
0.142166	0.0962127	5.99793
0.144699	0.095121	6.00639
0.144699	0.095121	6.0149
0.144699	0.095121	6.02332
0.144699	0.095121	6.03185
0.144699	0.095121	6.04025
0.144699	0.095121	6.04862
0.144699	0.095121	6.05714
0.144699	0.095121	6.06561
0.144699	0.095121	6.07401
0.142731	0.0947495	6.0824
0.142731	0.0947495	6.09084
0.142731	0.0947495	6.09936
0.142731	0.0947495	6.1078
0.142731	0.0947495	6.11615
0.142731	0.0947495	6.12452
0.142731	0.0947495	6.13284
0.142731	0.0947495	6.14115
0.142731	0.0947495	6.14975
0.142731	0.0947495	6.15832
0.142989	0.0950571	6.16682
0.142989	0.0950571	6.17535
0.142989	0.0950571	6.18392
0.142989	0.0950571	6.19224
0.142989	0.0950571	6.20085
0.142989	0.0950571	6.2092
0.142989	0.0950571	6.21764
0.142989	0.0950571	6.22604
0.142989	0.0950571	6.23441
0.145083	0.0875043	6.2427
0.145083	0.0875043	6.25108
0.145083	0.0875043	6.2593
0.145083	0.0875043	6.2677
0.145083	0.0875043	6.27622
0.145083	0.0875043	6.28466
0.145083	0.0875043	6.29321
0.145083	0.0875043	6.30163
0.145083	0.0875043	6.30999
0.145083	0.0875043	6.31838
0.143719	0.0630031	6.32702
0.143719	0.0630031	6.33547
0.143719	0.0630031	6.34387
0.143719	0.0630031	6.35242
0.143719	0.0630031	6.36089
0.143719	0.0630031	6.36924
0.143719	0.0630031	6.37775
0.143719	0.0630031	6.38625
0.143719	0.0630031	6.3947
0.127162	0.0519842	6.40306
0.127162	0.0519842	6.4114
0.127162	0.0519842	6.4197
0.127162	0.0519842	6.42821
0.127162	0.0519842	6.43677
0.127162	0.0519842	6.44527
0.127162	0.0519842	6.45389
0.127162	0.0519842	6.46225
0.127162	0.0519842	6.47063
0.127162	0.0519842	6.47918
0.128894	0.0480048	6.48779
0.128894	0.0480048	6.49637
0.128894	0.0480048	6.50486
0.128894	0.0480048	6.51327
0.128894	0.0480048	6.52174
0.128894	0.0480048	6.53016
0.128894	0.0480048	6.53859
0.128894	0.0480048	6.54711
0.128894	0.0480048	6.55543
0.123441	0.0438933	6.56381
0.123441	0.0438933	6.57218
0.123441	0.0438933	6.5805
0.123441	0.0438933	6.58881
0.123441	0.0438933	6.59736
0.123441	0.0438933	6.60565
0.123441	0.0438933	6.61403
0.123441	0.0438933	6.62237
0.123441	0.0438933	6.63075
0.101792	0.0235176	6.63917
0.101792	0.0235176	6.64771
0.101792	0.0235176	6.6561
0.101792	0.0235176	6.66444
0.101792	0.0235176	6.67287
0.101792	0.0235176	6.68139
0.101792	0.0235176	6.68971
0.101792	0.0235176	6.69819
0.101792	0.0235176	6.70658
0.101792	0.0235176	6.71505
0.0811313	-0.00682777	6.72352
0.0811313	-0.00682777	6.73199
0.0811313	-0.00682777	6.74037
0.0811313	-0.00682777	6.74872
0.0811313	-0.00682777	6.75707
0.0811313	-0.00682777	6.76549
0.0811313	-0.00682777	6.77393
0.0811313	-0.00682777	6.78235
0.0811313	-0.00682777	6.79095
0.0844652	0.00250824	6.79934
0.0844652	0.00250824	6.80791
0.0844652	0.00250824	6.8165
0.0844652	0.00250824	6.82496
0.0844652	0.00250824	6.83332
0.0844652	0.00250824	6.84176
0.0844652	0.00250824	6.85015
0.0844652	0.00250824	6.85854
0.0844652	0.00250824	6.86691
0.0844652	0.00250824	6.87531
0.0837547	0.00246681	6.88368
0.0837547	0.00246681	6.89221
0.0837547	0.00246681	6.90061
0.0837547	0.00246681	6.90902
0.0837547	0.00246681	6.91749
0.0837547	0.00246681	6.92594
0.0837547	0.00246681	6.93432
0.0837547	0.00246681	6.94267
0.0837547	0.00246681	6.95126
0.0818726	0.000403653	6.95975
0.0818726	0.000403653	6.96811
0.0818726	0.000403653	6.97669
0.0818726	0.000403653	6.98514
0.0818726	0.000403653	6.99346
0.0818726	0.000403653	7.00187
0.0818726	0.000403653	7.01026
0.0818726	0.000403653	7.01876
0.0818726	0.000403653	7.02715
0.0818726	0.000403653	7.03568
0.0819812	0.00148051	7.04413
0.0819812	0.00148051	7.05263
0.0819812	0.00148051	7.06115
0.0819812	0.00148051	7.06957
0.0819812	0.00148051	7.07788
0.0819812	0.00148051	7.08628
0.0819812	0.00148051	7.09471
0.0819812	0.00148051	7.10306
0.0819812	0.00148051	7.11143
0.0814157	0.0020102	7.1198
0.0814157	0.0020102	7.12824
0.0814157	0.0020102	7.13656
0.0814157	0.0020102	7.14498
0.0814157	0.0020102	7.15339
0.0814157	0.0020102	7.16166
0.0814157	0.0020102	7.17026
0.0814157	0.0020102	7.17874
0.0814157	0.0020102	7.18711
0.0814157	0.0020102	7.19559
0.080684	0.00165031	7.20413
0.080684	0.00165031	7.21275
0.080684	0.00165031	7.22139
0.080684	0.00165031	7.22973
0.080684	0.00165031	7.23818
0.080684	0.00165031	7.24666
0.080684	0.00165031	7.25509
0.080684	0.00165031	7.26364
0.080684	0.00165031	7.27204
0.081306	0.00365113	7.28046
0.081306	0.00365113	7.28895
0.081306	0.00365113	7.29724
0.081306	0.00365113	7.30568
0.081306	0.00365113	7.31419
0.081306	0.00365113	7.32271
0.081306	0.00365113	7.33126
0.081306	0.00365113	7.33967
0.081306	0.00365113	7.34805
0.081306	0.00365113	7.35653
0.131174	0.000861881	7.36497
0.131174	0.000861881	7.3735
0.131174	0.000861881	7.38202
0.131174	0.000861881	7.39048
0.131174	0.000861881	7.399
0.131174	0.000861881	7.40736
0.131174	0.000861881	7.41576
0.131174	0.000861881	7.42415
0.131174	0.000861881	7.43261
0.1953	0.0787741	7.44093
0.1953	0.0787741	7.4494
0.1953	0.0787741	7.45777
0.1953	0.0787741	7.46624
0.1953	0.0787741	7.4748
0.1953	0.0787741	7.48338
0.1953	0.0787741	7.49178
0.1953	0.0787741	7.50014
0.1953	0.0787741	7.50871
0.1953	0.0787741	7.51713
0.152179	0.135105	7.5256
0.152179	0.135105	7.53394
0.152179	0.135105	7.54234
0.152179	0.135105	7.55066
0.152179	0.135105	7.55904
0.152179	0.135105	7.56747
0.152179	0.135105	7.57586
0.152179	0.135105	7.58435
0.152179	0.135105	7.59283
0.157429	0.125561	7.60123
0.157429	0.125561	7.60953
0.157429	0.125561	7.61798
0.157429	0.125561	7.62643
0.157429	0.125561	7.63516
0.157429	0.125561	7.64356
0.157429	0.125561	7.65197
0.157429	0.125561	7.66038
0.157429	0.125561	7.66883
0.157429	0.125561	7.67737
0.168399	0.110728	7.68577
0.168399	0.110728	7.69438
0.168399	0.110728	7.70279
0.168399	0.110728	7.71108
0.168399	0.110728	7.71941
0.168399	0.110728	7.72776
0.168399	0.110728	7.73624
0.168399	0.110728	7.74537
0.168399	0.110728	7.75378
0.167132	0.114711	7.76218
0.167132	0.114711	7.77067
0.167132	0.114711	7.7791
0.167132	0.114711	7.78758
0.167132	0.114711	7.7961
0.167132	0.114711	7.80455
0.167132	0.114711	7.81294
0.167132	0.114711	7.82124
0.167132	0.114711	7.82957
0.167132	0.114711	7.83783
0.174439	0.0877962	7.84636
0.174439	0.0877962	7.85486
0.174439	0.0877962	7.86328
0.174439	0.0877962	7.87178
0.174439	0.0877962	7.88011
0.174439	0.0877962	7.88848
0.174439	0.0877962	7.89679
0.174439	0.0877962	7.90514
0.174439	0.0877962	7.91365
0.161099	0.0757972	7.92223
0.161099	0.0757972	7.93075
0.161099	0.0757972	7.9391
0.161099	0.0757972	7.94761
0.161099	0.0757972	7.95601
0.161099	0.0757972	7.96438
0.161099	0.0757972	7.97282
0.161099	0.0757972	7.98127
0.161099	0.0757972	7.98982
0.161099	0.0757972	7.99813
0.13842	0.0405333	8.00661
0.13842	0.0405333	8.01511
0.13842	0.0405333	8.0235
0.13842	0.0405333	8.03182
0.13842	0.0405333	8.04018
0.13842	0.0405333	8.0485
0.13842	0.0405333	8.05705
0.13842	0.0405333	8.06549
0.13842	0.0405333	8.07389
0.135808	0.0270374	8.0823
0.135808	0.0270374	8.09072
0.135808	0.0270374	8.09906
0.135808	0.0270374	8.10748
0.135808	0.0270374	8.11593
0.135808	0.0270374	8.12439
0.135808	0.0270374	8.13279
0.135808	0.0270374	8.14108
0.135808	0.0270374	8.14939
0.135808	0.0270374	8.15781
0.155965	0.0596904	8.16636
0.155965	0.0596904	8.17467
0.155965	0.0596904	8.18306
0.155965	0.0596904	8.19145
0.155965	0.0596904	8.19985
0.155965	0.0596904	8.20821
0.155965	0.0596904	8.21669
0.155965	0.0596904	8.22508
0.155965	0.0596904	8.23348
0.165452	0.0771923	8.24174
0.165452	0.0771923	8.25015
0.165452	0.0771923	8.25852
0.165452	0.0771923	8.26694
0.165452	0.0771923	8.27543
0.165452	0.0771923	8.28392
0.165452	0.0771923	8.29233
0.165452	0.0771923	8.30066
0.165452	0.0771923	8.30898
0.165452	0.0771923	8.31735
0.179295	0.111439	8.32583
0.179295	0.111439	8.33412
0.179295	0.111439	8.34258
0.179295	0.111439	8.35092
0.179295	0.111439	8.35925
0.179295	0.111439	8.36765
0.179295	0.111439	8.37598
0.179295	0.111439	8.38441
0.179295	0.111439	8.39313
0.190913	0.138946	8.40149
0.190913	0.138946	8.40979
0.190913	0.138946	8.41819
0.190913	0.138946	8.4266
0.190913	0.138946	8.43505
0.190913	0.138946	8.44342
0.190913	0.138946	8.45168
0.190913	0.138946	8.4601
0.190913	0.138946	8.46841
0.190913	0.138946	8.47689
0.191906	0.140513	8.48534
0.191906	0.140513	8.49372
0.191906	0.140513	8.50222
0.191906	0.140513	8.51069
0.191906	0.140513	8.51897
0.191906	0.140513	8.52769
0.191906	0.140513	8.53609
0.191906	0.140513	8.54456
0.191906	0.140513	8.55298
0.192455	0.141224	8.56134
0.192455	0.141224	8.56966
0.192455	0.141224	8.57796
0.192455	0.141224	8.58639
0.192455	0.141224	8.59468
0.192455	0.141224	8.60294
0.192455	0.141224	8.61145
0.192455	0.141224	8.61992
0.192455	0.141224	8.62824
0.192455	0.141224	8.63672
0.192813	0.141311	8.64504
0.192813	0.141311	8.65345
0.192813	0.141311	8.6619
0.192813	0.141311	8.67018
0.192813	0.141311	8.67849
0.192813	0.141311	8.68691
0.192813	0.141311	8.69536
0.192813	0.141311	8.70386
0.192813	0.141311	8.71253
0.193107	0.140712	8.72083
0.193107	0.140712	8.72932
0.193107	0.140712	8.73777
0.193107	0.140712	8.74612
0.193107	0.140712	8.75448
0.193107	0.140712	8.76298
0.193107	0.140712	8.77144
0.193107	0.140712	8.77998
0.193107	0.140712	8.7884
0.193107	0.140712	8.79702
0.19268	0.140141	8.80569
0.19268	0.140141	8.81441
0.19268	0.140141	8.82301
0.19268	0.140141	8.83166
0.19268	0.140141	8.84016
0.19268	0.140141	8.84863
0.19268	0.140141	8.85728
0.19268	0.140141	8.86579
0.19268	0.140141	8.8744
0.193328	0.104821	8.8829
0.193328	0.104821	8.89132
0.193328	0.104821	8.89974
0.193328	0.104821	8.90821
0.193328	0.104821	8.91675
0.193328	0.104821	8.92523
0.193328	0.104821	8.93359
0.193328	0.104821	8.94205
0.193328	0.104821	8.95048
0.193328	0.104821	8.95891
0.189696	0.16605	8.96734
0.189696	0.16605	8.97581
0.189696	0.16605	8.98442
0.189696	0.16605	8.99288
0.189696	0.16605	9.00116
0.189696	0.16605	9.00957
0.189696	0.16605	9.01785
0.189696	0.16605	9.02621
0.189696	0.16605	9.03454
0.182611	0.18853	9.04286
0.182611	0.18853	9.05141
0.182611	0.18853	9.05997
0.182611	0.18853	9.06831
0.182611	0.18853	9.07678
0.182611	0.18853	9.08529
0.182611	0.18853	9.09363
0.182611	0.18853	9.10218
0.182611	0.18853	9.11044
0.182611	0.18853	9.11871
0.165785	0.206937	9.12721
0.165785	0.206937	9.13569
0.165785	0.206937	9.14406
0.165785	0.206937	9.15262
0.165785	0.206937	9.16113
0.165785	0.206937	9.16948
0.165785	0.206937	9.17805
0.165785	0.206937	9.18658
0.165785	0.206937	9.19504
0.161056	0.215095	9.20338
0.161056	0.215095	9.21171
0.161056	0.215095	9.22013
0.161056	0.215095	9.22852
0.161056	0.215095	9.23711
0.161056	0.215095	9.24558
0.161056	0.215095	9.25395
0.161056	0.215095	9.26242
0.161056	0.215095	9.27098
0.161434	0.216594	9.27941
0.161434	0.216594	9.28772
0.161434	0.216594	9.29611
0.161434	0.216594	9.3045
0.161434	0.216594	9.31288
0.161434	0.216594	9.32121
0.161434	0.216594	9.32962
0.161434	0.216594	9.33804
0.161434	0.216594	9.34649
0.161434	0.216594	9.35492
0.172363	0.210201	9.36328
0.172363	0.210201	9.3718
0.172363	0.210201	9.38027
0.172363	0.210201	9.38855
0.172363	0.210201	9.39697
0.172363	0.210201	9.40533
0.172363	0.210201	9.41367
0.172363	0.210201	9.42208
0.172363	0.210201	9.43043
0.172363	0.210201	9.43876
0.194457	0.206462	9.44715
0.194457	0.206462	9.45554
0.194457	0.206462	9.46396
0.194457	0.206462	9.47244
0.194457	0.206462	9.48095
0.194457	0.206462	9.48937
0.194457	0.206462	9.49774
0.194457	0.206462	9.50618
0.194457	0.206462	9.51463
0.150373	0.117332	9.52298
0.150373	0.117332	9.53156
0.150373	0.117332	9.54001
0.150373	0.117332	9.54846
0.150373	0.117332	9.55684
0.150373	0.117332	9.56525
0.150373	0.117332	9.57366
0.150373	0.117332	9.58206
0.150373	0.117332	9.5904
0.150373	0.117332	9.59898
0.00589672	0.0141413	9.60735
0.00589672	0.0141413	9.61578
0.00589672	0.0141413	9.62431
0.00589672	0.0141413	9.63287
0.00589672	0.0141413	9.64142
0.00589672	0.0141413	9.64983
0.00589672	0.0141413	9.65834
0.00589672	0.0141413	9.66687
0.00589672	0.0141413	9.67539
-0.113767	-0.115019	9.68382
-0.113767	-0.115019	9.69223
-0.113767	-0.115019	9.70071
-0.113767	-0.115019	9.7091
-0.113767	-0.115019	9.71766
-0.113767	-0.115019	9.72612
-0.113767	-0.115019	9.7346
-0.113767	-0.115019	9.74298
-0.113767	-0.115019	9.75124
0.00175166	-0.36397	9.75957
0.00175166	-0.36397	9.76793
0.00175166	-0.36397	9.77631
0.00175166	-0.36397	9.78468
0.00175166	-0.36397	9.7931
0.00175166	-0.36397	9.80155
0.00175166	-0.36397	9.80995
0.00175166	-0.36397	9.81825
0.00175166	-0.36397	9.82689
0.00175166	-0.36397	9.83518
0.162701	-0.545908	9.84355
0.162701	-0.545908	9.85178
0.162701	-0.545908	9.86015
0.162701	-0.545908	9.86857
0.162701	-0.545908	9.87702
0.162701	-0.545908	9.88546
0.162701	-0.545908	9.89383
0.162701	-0.545908	9.9022
0.162701	-0.545908	9.91061
0.162701	-0.545908	9.91891
0.666718	-0.841681	9.92726
0.666718	-0.841681	9.93591
0.666718	-0.841681	9.94427
0.666718	-0.841681	9.95262
0.666718	-0.841681	9.96101
0.666718	-0.841681	9.96929
0.666718	-0.841681	9.97754
0.666718	-0.841681	9.98598
0.666718	-0.841681	9.99434
0.780992	-0.877569	10.0028
0.780992	-0.877569	10.0113
0.780992	-0.877569	10.0196
0.780992	-0.877569	10.028
0.780992	-0.877569	10.0365
0.780992	-0.877569	10.045
0.780992	-0.877569	10.0534
0.780992	-0.877569	10.0618
0.780992	-0.877569	10.0702
0.780992	-0.877569	10.0785
1.1776	-0.993543	10.0869
1.1776	-0.993543	10.0953
1.1776	-0.993543	10.1037
1.1776	-0.993543	10.1121
1.1776	-0.993543	10.1205
1.1776	-0.993543	10.1288
1.1776	-0.993543	10.1372
1.1776	-0.993543	10.1458
1.1776	-0.993543	10.1542
1.39276	-1.04401	10.1626
1.39276	-1.04401	10.171
1.39276	-1.04401	10.1794
1.39276	-1.04401	10.1878
1.39276	-1.04401	10.1963
1.39276	-1.04401	10.2047
1.39276	-1.04401	10.2132
1.39276	-1.04401	10.2215
1.39276	-1.04401	10.2298
1.39276	-1.04401	10.2382
1.50529	-0.970766	10.2466
1.50529	-0.970766	10.255
1.50529	-0.970766	10.2636
1.50529	-0.970766	10.272
1.50529	-0.970766	10.2804
1.50529	-0.970766	10.2889
1.50529	-0.970766	10.2972
1.50529	-0.970766	10.3056
1.50529	-0.970766	10.3141
1.59442	-0.962069	10.3225
1.59442	-0.962069	10.3309
1.59442	-0.962069	10.3393
1.59442	-0.962069	10.3477
1.59442	-0.962069	10.3561
1.59442	-0.962069	10.3645
1.59442	-0.962069	10.3729
1.59442	-0.962069	10.3814
1.59442	-0.962069	10.3898
1.59442	-0.962069	10.3982
1.58705	-0.97873	10.4066
1.58705	-0.97873	10.4149
1.58705	-0.97873	10.4233
1.58705	-0.97873	10.4317
1.58705	-0.97873	10.4401
1.58705	-0.97873	10.4484
1.58705	-0.97873	10.4568
1.58705	-0.97873	10.4651
1.58705	-0.97873	10.4737
1.50383	-1.01422	10.4822
1.50383	-1.01422	10.4907
1.50383	-1.01422	10.4991
1.50383	-1.01422	10.5075
1.50383	-1.01422	10.516
1.50383	-1.01422	10.5244
1.50383	-1.01422	10.5327
1.50383	-1.01422	10.541
1.50383	-1.01422	10.5494
1.50383	-1.01422	10.5577
1.56298	-0.975448	10.5661
1.56298	-0.975448	10.5745
1.56298	-0.975448	10.5831
1.56298	-0.975448	10.5916
1.56298	-0.975448	10.6002
1.56298	-0.975448	10.6088
1.56298	-0.975448	10.6173
1.56298	-0.975448	10.6259
1.56298	-0.975448	10.6344
1.60179	-0.826857	10.6428
1.60179	-0.826857	10.6514
1.60179	-0.826857	10.6598
1.60179	-0.826857	10.6681
1.60179	-0.826857	10.6766
1.60179	-0.826857	10.685
1.60179	-0.826857	10.6935
1.60179	-0.826857	10.7019
1.60179	-0.826857	10.7102
1.60179	-0.826857	10.7187
1.53241	-0.78561	10.7271
1.53241	-0.78561	10.7355
1.53241	-0.78561	10.7439
1.53241	-0.78561	10.7523
1.53241	-0.78561	10.7606
1.53241	-0.78561	10.7689
1.53241	-0.78561	10.7772
1.53241	-0.78561	10.7856
1.53241	-0.78561	10.794
1.46214	-0.865408	10.8027
1.46214	-0.865408	10.811
1.46214	-0.865408	10.8196
1.46214	-0.865408	10.8279
1.46214	-0.865408	10.8365
1.46214	-0.865408	10.8452
1.46214	-0.865408	10.8537
1.46214	-0.865408	10.8621
1.46214	-0.865408	10.8706
1.46214	-0.865408	10.879
1.49932	-0.876326	10.8874
1.49932	-0.876326	10.8957
1.49932	-0.876326	10.9041
1.49932	-0.876326	10.9127
1.49932	-0.876326	10.9213
1.49932	-0.876326	10.9297
1.49932	-0.876326	10.9383
1.49932	-0.876326	10.9468
1.49932	-0.876326	10.9552
1.68658	-0.869019	10.9635
1.68658	-0.869019	10.972
1.68658	-0.869019	10.9803
1.68658	-0.869019	10.9888
1.68658	-0.869019	10.9973
1.68658	-0.869019	11.0056
1.68658	-0.869019	11.014
1.68658	-0.869019	11.0224
1.68658	-0.869019	11.0308
1.68658	-0.869019	11.0392
1.74829	-0.875684	11.0477
1.74829	-0.875684	11.0563
1.74829	-0.875684	11.0647
1.74829	-0.875684	11.0731
1.74829	-0.875684	11.0815
1.74829	-0.875684	11.0899
1.74829	-0.875684	11.0983
1.74829	-0.875684	11.1065
1.74829	-0.875684	11.1148
1.71832	-0.828211	11.1232
1.71832	-0.828211	11.1318
1.71832	-0.828211	11.1401
1.71832	-0.828211	11.1485
1.71832	-0.828211	11.1571
1.71832	-0.828211	11.1655
1.71832	-0.828211	11.1741
1.71832	-0.828211	11.1824
1.71832	-0.828211	11.1909
1.71989	-0.847267	11.1993
1.71989	-0.847267	11.2079
1.71989	-0.847267	11.2163
1.71989	-0.847267	11.2248
1.71989	-0.847267	11.2331
1.71989	-0.847267	11.2433
1.71989	-0.847267	11.2518
1.71989	-0.847267	11.2603
1.71989	-0.847267	11.2687
1.71989	-0.847267	11.2774
1.73125	-0.759681	11.2858
1.73125	-0.759681	11.2943
1.73125	-0.759681	11.3028
1.73125	-0.759681	11.3111
1.73125	-0.759681	11.3196
1.73125	-0.759681	11.328
1.73125	-0.759681	11.3365
1.73125	-0.759681	11.345
1.73125	-0.759681	11.3536
1.77949	-0.753883	11.3621
1.77949	-0.753883	11.3708
1.77949	-0.753883	11.3794
1.77949	-0.753883	11.3878
1.77949	-0.753883	11.3963
1.77949	-0.753883	11.4048
1.77949	-0.753883	11.4134
1.77949	-0.753883	11.4219
1.77949	-0.753883	11.4305
1.77949	-0.753883	11.4389
1.72866	-0.793634	11.4474
1.72866	-0.793634	11.4561
1.72866	-0.793634	11.4648
1.72866	-0.793634	11.4734
1.72866	-0.793634	11.482
1.72866	-0.793634	11.4904
1.72866	-0.793634	11.499
1.72866	-0.793634	11.5075
1.72866	-0.793634	11.5162
1.71955	-0.816171	11.5247
1.71955	-0.816171	11.5331
1.71955	-0.816171	11.5415
1.71955	-0.816171	11.55
1.71955	-0.816171	11.5584
1.71955	-0.816171	11.5669
1.71955	-0.816171	11.5753
1.71955	-0.816171	11.5837
1.71955	-0.816171	11.5921
1.71897	-0.804965	11.6005
1.71897	-0.804965	11.6089
1.71897	-0.804965	11.6173
1.71897	-0.804965	11.6257
1.71897	-0.804965	11.6343
1.71897	-0.804965	11.6428
1.71897	-0.804965	11.6514
1.71897	-0.804965	11.66
1.71897	-0.804965	11.6685
1.71897	-0.804965	11.6771
1.7188	-0.804765	11.6854
1.7188	-0.804765	11.6938
1.7188	-0.804765	11.7021
1.7188	-0.804765	11.7107
1.7188	-0.804765	11.7191
1.7188	-0.804765	11.7276
1.7188	-0.804765	11.7361
1.7188	-0.804765	11.7446
1.7188	-0.804765	11.753
1.71875	-0.804003	11.7612
1.71875	-0.804003	11.7696
1.71875	-0.804003	11.7779
1.71875	-0.804003	11.7865
1.71875	-0.804003	11.7949
1.71875	-0.804003	11.8032
1.71875	-0.804003	11.8117
1.71875	-0.804003	11.8201
1.71875	-0.804003	11.8285
1.71875	-0.804003	11.8371
1.71851	-0.803979	11.8456
1.71851	-0.803979	11.8541
1.71851	-0.803979	11.8626
1.71851	-0.803979	11.871
1.71851	-0.803979	11.8794
1.71851	-0.803979	11.8878
1.71851	-0.803979	11.8963
1.71851	-0.803979	11.9047
1.71851	-0.803979	11.913
1.71883	-0.803221	11.9215
1.71883	-0.803221	11.9298
1.71883	-0.803221	11.9384
1.71883	-0.803221	11.947
1.71883	-0.803221	11.9555
1.71883	-0.803221	11.9639
1.71883	-0.803221	11.9723
1.71883	-0.803221	11.9806
1.71883	-0.803221	11.9891
1.71883	-0.803221	11.9975
