-0.2205	0.652629	0
-0.2205	0.652629	0.006479
-0.2205	0.652629	0.012955
-0.2205	0.652629	0.019562
-0.2205	0.652629	0.026118
-0.2205	0.652629	0.032579
-0.2205	0.652629	0.039107
-0.2205	0.652629	0.045665
-0.2205	0.652629	0.052165
-0.2205	0.652629	0.058694
-0.2205	0.652629	0.06526
-0.2205	0.652629	0.071752
-0.2205	0.652629	0.078265
-0.2205	0.652629	0.084714
-0.2205	0.652629	0.091321
-0.2205	0.652629	0.097821
-0.2205	0.652629	0.104354
-0.2205	0.652629	0.110918
-0.2205	0.652629	0.117455
0.00534614	-0.00521945	0.123973
0.00534614	-0.00521945	0.130501
0.00534614	-0.00521945	0.137022
0.00534614	-0.00521945	0.143452
0.00534614	-0.00521945	0.15001
0.00534614	-0.00521945	0.156484
0.00534614	-0.00521945	0.162954
0.00534614	-0.00521945	0.169474
0.00534614	-0.00521945	0.175975
0.00534614	-0.00521945	0.182433
0.00534614	-0.00521945	0.188943
0.00534614	-0.00521945	0.195473
0.00534614	-0.00521945	0.202074
0.0445639	-0.0109771	0.2086
0.0445639	-0.0109771	0.215168
0.0445639	-0.0109771	0.221705
0.0445639	-0.0109771	0.228369
0.0445639	-0.0109771	0.234886
0.0445639	-0.0109771	0.241378
0.0445639	-0.0109771	0.247843
0.0445639	-0.0109771	0.254323
0.0445639	-0.0109771	0.260806
0.0445639	-0.0109771	0.267276
0.0445639	-0.0109771	0.273751
0.0445639	-0.0109771	0.280228
0.0153513	-0.0442261	0.286723
0.0153513	-0.0442261	0.293151
0.0153513	-0.0442261	0.299694
0.0153513	-0.0442261	0.306301
0.0153513	-0.0442261	0.312833
0.0153513	-0.0442261	0.319346
0.0153513	-0.0442261	0.325896
0.0153513	-0.0442261	0.332481
0.0153513	-0.0442261	0.33899
0.0153513	-0.0442261	0.345458
0.0153513	-0.0442261	0.351997
0.0153513	-0.0442261	0.35857
0.0153513	-0.0442261	0.365042
-0.0178152	-0.166377	0.371599
-0.0178152	-0.166377	0.37811
-0.0178152	-0.166377	0.384645
-0.0178152	-0.166377	0.391217
-0.0178152	-0.166377	0.397689
-0.0178152	-0.166377	0.404108
-0.0178152	-0.166377	0.410667
-0.0178152	-0.166377	0.41723
-0.0178152	-0.166377	0.423721
-0.0178152	-0.166377	0.430233
-0.0178152	-0.166377	0.436784
-0.0178152	-0.166377	0.443243
-0.011052	-0.170341	0.449747
-0.011052	-0.170341	0.456303
-0.011052	-0.170341	0.462777
-0.011052	-0.170341	0.469319
-0.011052	-0.170341	0.475852
-0.011052	-0.170341	0.482316
-0.011052	-0.170341	0.488822
-0.011052	-0.170341	0.495417
-0.011052	-0.170341	0.501971
-0.011052	-0.170341	0.508394
-0.011052	-0.170341	0.514852
-0.011052	-0.170341	0.521388
-0.0200012	-0.116868	0.527836
-0.0200012	-0.116868	0.534318
-0.0200012	-0.116868	0.540968
-0.0200012	-0.116868	0.54744
-0.0200012	-0.116868	0.553898
-0.0200012	-0.116868	0.56043
-0.0200012	-0.116868	0.566886
-0.0200012	-0.116868	0.573356
-0.0200012	-0.116868	0.579845
-0.0200012	-0.116868	0.586357
-0.0200012	-0.116868	0.5929
-0.0200012	-0.116868	0.599447
-0.0167541	-0.0760582	0.60584
-0.0167541	-0.0760582	0.612283
-0.0167541	-0.0760582	0.618809
-0.0167541	-0.0760582	0.625406
-0.0167541	-0.0760582	0.631967
-0.0167541	-0.0760582	0.638495
-0.0167541	-0.0760582	0.644967
-0.0167541	-0.0760582	0.651548
-0.0167541	-0.0760582	0.658016
-0.0167541	-0.0760582	0.664451
-0.0167541	-0.0760582	0.670888
-0.0167541	-0.0760582	0.677449
-0.0167541	-0.0760582	0.684055
-0.0220145	-0.0100199	0.690617
-0.0220145	-0.0100199	0.697124
-0.0220145	-0.0100199	0.703548
-0.0220145	-0.0100199	0.710111
-0.0220145	-0.0100199	0.716561
-0.0220145	-0.0100199	0.723057
-0.0220145	-0.0100199	0.729596
-0.0220145	-0.0100199	0.736011
-0.0220145	-0.0100199	0.742514
-0.0220145	-0.0100199	0.749037
-0.0220145	-0.0100199	0.755476
-0.0220145	-0.0100199	0.762042
-0.0194077	-0.0111083	0.768554
-0.0194077	-0.0111083	0.774985
-0.0194077	-0.0111083	0.781501
-0.0194077	-0.0111083	0.788044
-0.0194077	-0.0111083	0.794543
-0.0194077	-0.0111083	0.801091
-0.0194077	-0.0111083	0.807519
-0.0194077	-0.0111083	0.813969
-0.0194077	-0.0111083	0.820559
-0.0194077	-0.0111083	0.826987
-0.0194077	-0.0111083	0.833461
-0.0194077	-0.0111083	0.839962
-0.0210564	-0.0109818	0.846392
-0.0210564	-0.0109818	0.85289
-0.0210564	-0.0109818	0.859388
-0.0210564	-0.0109818	0.865826
-0.0210564	-0.0109818	0.872299
-0.0210564	-0.0109818	0.878803
-0.0210564	-0.0109818	0.885318
-0.0210564	-0.0109818	0.891827
-0.0210564	-0.0109818	0.898432
-0.0210564	-0.0109818	0.904933
-0.0210564	-0.0109818	0.911422
-0.0210564	-0.0109818	0.91793
-0.0210564	-0.0109818	0.924408
-0.0208333	-0.0111506	0.930905
-0.0208333	-0.0111506	0.937437
-0.0208333	-0.0111506	0.943934
-0.0208333	-0.0111506	0.950473
-0.0208333	-0.0111506	0.956898
-0.0208333	-0.0111506	0.963397
-0.0208333	-0.0111506	0.969827
-0.0208333	-0.0111506	0.976316
-0.0208333	-0.0111506	0.982745
-0.0208333	-0.0111506	0.989337
-0.0208333	-0.0111506	0.99583
-0.0208333	-0.0111506	1.0024
-0.021337	-0.0107909	1.00902
-0.021337	-0.0107909	1.01574
-0.021337	-0.0107909	1.02231
-0.021337	-0.0107909	1.02882
-0.021337	-0.0107909	1.03539
-0.021337	-0.0107909	1.04199
-0.021337	-0.0107909	1.04857
-0.021337	-0.0107909	1.05515
-0.021337	-0.0107909	1.06172
-0.021337	-0.0107909	1.06814
-0.021337	-0.0107909	1.07454
-0.021337	-0.0107909	1.08095
-0.0177248	-0.0718463	1.08737
-0.0177248	-0.0718463	1.09387
-0.0177248	-0.0718463	1.10044
-0.0177248	-0.0718463	1.10703
-0.0177248	-0.0718463	1.11349
-0.0177248	-0.0718463	1.12011
-0.0177248	-0.0718463	1.12662
-0.0177248	-0.0718463	1.13309
-0.0177248	-0.0718463	1.13964
-0.0177248	-0.0718463	1.14617
-0.0177248	-0.0718463	1.15264
-0.0177248	-0.0718463	1.15923
-0.00526938	-0.111908	1.16575
-0.00526938	-0.111908	1.17214
-0.00526938	-0.111908	1.17867
-0.00526938	-0.111908	1.18517
-0.00526938	-0.111908	1.19166
-0.00526938	-0.111908	1.19812
-0.00526938	-0.111908	1.20463
-0.00526938	-0.111908	1.21114
-0.00526938	-0.111908	1.21756
-0.00526938	-0.111908	1.22412
-0.00526938	-0.111908	1.2306
-0.00526938	-0.111908	1.23711
-0.00526938	-0.111908	1.24355
0.0152215	-0.0767995	1.25015
0.0152215	-0.0767995	1.25666
0.0152215	-0.0767995	1.26313
0.0152215	-0.0767995	1.2697
0.0152215	-0.0767995	1.27626
0.0152215	-0.0767995	1.28271
0.0152215	-0.0767995	1.28923
0.0152215	-0.0767995	1.29582
0.0152215	-0.0767995	1.30237
0.0152215	-0.0767995	1.30889
0.0152215	-0.0767995	1.31543
0.0152215	-0.0767995	1.32201
-0.0419177	-0.0343341	1.32862
-0.0419177	-0.0343341	1.33516
-0.0419177	-0.0343341	1.34167
-0.0419177	-0.0343341	1.34819
-0.0419177	-0.0343341	1.35461
-0.0419177	-0.0343341	1.3611
-0.0419177	-0.0343341	1.36753
-0.0419177	-0.0343341	1.37398
-0.0419177	-0.0343341	1.38059
-0.0419177	-0.0343341	1.38711
-0.0419177	-0.0343341	1.3936
-0.0419177	-0.0343341	1.40007
-0.0450885	-0.0299119	1.40657
-0.0450885	-0.0299119	1.41315
-0.0450885	-0.0299119	1.41965
-0.0450885	-0.0299119	1.42618
-0.0450885	-0.0299119	1.4327
-0.0450885	-0.0299119	1.43922
-0.0450885	-0.0299119	1.44571
-0.0450885	-0.0299119	1.45212
-0.0450885	-0.0299119	1.4588
-0.0450885	-0.0299119	1.46533
-0.0450885	-0.0299119	1.47185
-0.0450885	-0.0299119	1.47826
-0.0450885	-0.0299119	1.48472
-0.0220091	-0.0530488	1.49127
-0.0220091	-0.0530488	1.49771
-0.0220091	-0.0530488	1.50425
-0.0220091	-0.0530488	1.51081
-0.0220091	-0.0530488	1.51735
-0.0220091	-0.0530488	1.5238
-0.0220091	-0.0530488	1.53041
-0.0220091	-0.0530488	1.53696
-0.0220091	-0.0530488	1.5435
-0.0220091	-0.0530488	1.54999
-0.0220091	-0.0530488	1.55648
-0.0220091	-0.0530488	1.56295
-0.0314654	-0.0760883	1.56945
-0.0314654	-0.0760883	1.57588
-0.0314654	-0.0760883	1.58237
-0.0314654	-0.0760883	1.58892
-0.0314654	-0.0760883	1.5954
-0.0314654	-0.0760883	1.602
-0.0314654	-0.0760883	1.60847
-0.0314654	-0.0760883	1.61492
-0.0314654	-0.0760883	1.62146
-0.0314654	-0.0760883	1.6279
-0.0314654	-0.0760883	1.63433
-0.0314654	-0.0760883	1.64093
-0.0230153	-0.118576	1.64742
-0.0230153	-0.118576	1.65395
-0.0230153	-0.118576	1.66048
-0.0230153	-0.118576	1.66694
-0.0230153	-0.118576	1.67337
-0.0230153	-0.118576	1.67981
-0.0230153	-0.118576	1.68631
-0.0230153	-0.118576	1.69277
-0.0230153	-0.118576	1.69929
-0.0230153	-0.118576	1.70585
-0.0230153	-0.118576	1.71243
-0.0230153	-0.118576	1.71897
-0.0230153	-0.118576	1.72552
-0.0178957	-0.130514	1.73207
-0.0178957	-0.130514	1.73866
-0.0178957	-0.130514	1.74514
-0.0178957	-0.130514	1.75169
-0.0178957	-0.130514	1.75816
-0.0178957	-0.130514	1.76467
-0.0178957	-0.130514	1.77119
-0.0178957	-0.130514	1.7777
-0.0178957	-0.130514	1.78416
-0.0178957	-0.130514	1.79066
-0.0178957	-0.130514	1.79713
-0.0178957	-0.130514	1.80364
-0.0250425	-0.0905739	1.8102
-0.0250425	-0.0905739	1.81676
-0.0250425	-0.0905739	1.82319
-0.0250425	-0.0905739	1.82974
-0.0250425	-0.0905739	1.83629
-0.0250425	-0.0905739	1.84276
-0.0250425	-0.0905739	1.84928
-0.0250425	-0.0905739	1.85581
-0.0250425	-0.0905739	1.86234
-0.0250425	-0.0905739	1.86892
-0.0250425	-0.0905739	1.87544
-0.0250425	-0.0905739	1.88195
-0.0395961	-0.0358045	1.88848
-0.0395961	-0.0358045	1.89497
-0.0395961	-0.0358045	1.90147
-0.0395961	-0.0358045	1.90796
-0.0395961	-0.0358045	1.91452
-0.0395961	-0.0358045	1.92108
-0.0395961	-0.0358045	1.9276
-0.0395961	-0.0358045	1.93403
-0.0395961	-0.0358045	1.94059
-0.0395961	-0.0358045	1.9471
-0.0395961	-0.0358045	1.95355
-0.0395961	-0.0358045	1.96009
-0.0538827	0.00106189	1.96659
-0.0538827	0.00106189	1.97303
-0.0538827	0.00106189	1.97962
-0.0538827	0.00106189	1.98611
-0.0538827	0.00106189	1.99259
-0.0538827	0.00106189	1.99909
-0.0538827	0.00106189	2.00563
-0.0538827	0.00106189	2.01223
-0.0538827	0.00106189	2.01887
-0.0538827	0.00106189	2.02536
-0.0538827	0.00106189	2.03197
-0.0538827	0.00106189	2.03854
-0.0538827	0.00106189	2.04504
-0.0523547	0.00251762	2.05164
-0.0523547	0.00251762	2.05815
-0.0523547	0.00251762	2.06465
-0.0523547	0.00251762	2.07112
-0.0523547	0.00251762	2.07772
-0.0523547	0.00251762	2.08428
-0.0523547	0.00251762	2.09083
-0.0523547	0.00251762	2.0974
-0.0523547	0.00251762	2.10392
-0.0523547	0.00251762	2.11042
-0.0523547	0.00251762	2.11699
-0.0523547	0.00251762	2.12356
-0.0511738	0.00348584	2.13018
-0.0511738	0.00348584	2.13678
-0.0511738	0.00348584	2.14322
-0.0511738	0.00348584	2.14983
-0.0511738	0.00348584	2.15639
-0.0511738	0.00348584	2.16293
-0.0511738	0.00348584	2.16956
-0.0511738	0.00348584	2.17614
-0.0511738	0.00348584	2.18266
-0.0511738	0.00348584	2.18924
-0.0511738	0.00348584	2.19581
-0.0511738	0.00348584	2.20232
-0.0507892	0.00402642	2.20893
-0.0507892	0.00402642	2.21551
-0.0507892	0.00402642	2.22208
-0.0507892	0.00402642	2.2287
-0.0507892	0.00402642	2.23536
-0.0507892	0.00402642	2.242
-0.0507892	0.00402642	2.24861
-0.0507892	0.00402642	2.25507
-0.0507892	0.00402642	2.26165
-0.0507892	0.00402642	2.26822
-0.0507892	0.00402642	2.27464
-0.0507892	0.00402642	2.28121
-0.050784	0.00376524	2.28765
-0.050784	0.00376524	2.29416
-0.050784	0.00376524	2.30069
-0.050784	0.00376524	2.30716
-0.050784	0.00376524	2.31361
-0.050784	0.00376524	2.32017
-0.050784	0.00376524	2.32673
-0.050784	0.00376524	2.33325
-0.050784	0.00376524	2.33983
-0.050784	0.00376524	2.34643
-0.050784	0.00376524	2.35291
-0.050784	0.00376524	2.35949
-0.0508595	0.00375514	2.36599
-0.0508595	0.00375514	2.37249
-0.0508595	0.00375514	2.379
-0.0508595	0.00375514	2.38553
-0.0508595	0.00375514	2.39202
-0.0508595	0.00375514	2.39854
-0.0508595	0.00375514	2.40501
-0.0508595	0.00375514	2.41156
-0.0508595	0.00375514	2.41807
-0.0508595	0.00375514	2.42449
-0.0508595	0.00375514	2.43103
-0.0508595	0.00375514	2.43756
-0.0508595	0.00375514	2.44413
-0.0511496	0.00346778	2.45065
-0.0511496	0.00346778	2.45712
-0.0511496	0.00346778	2.46362
-0.0511496	0.00346778	2.47015
-0.0511496	0.00346778	2.47661
-0.0511496	0.00346778	2.48315
-0.0511496	0.00346778	2.48974
-0.0511496	0.00346778	2.49631
-0.0511496	0.00346778	2.50282
-0.0511496	0.00346778	2.5094
-0.0511496	0.00346778	2.51589
-0.0511496	0.00346778	2.52236
-0.0517167	0.0035844	2.52886
-0.0517167	0.0035844	2.53536
-0.0517167	0.0035844	2.54203
-0.0517167	0.0035844	2.54861
-0.0517167	0.0035844	2.55516
-0.0517167	0.0035844	2.56177
-0.0517167	0.0035844	2.56834
-0.0517167	0.0035844	2.57487
-0.0517167	0.0035844	2.58144
-0.0517167	0.0035844	2.58796
-0.0517167	0.0035844	2.59451
-0.0517167	0.0035844	2.60106
-0.0517525	0.00362192	2.60755
-0.0517525	0.00362192	2.61417
-0.0517525	0.00362192	2.62073
-0.0517525	0.00362192	2.6272
-0.0517525	0.00362192	2.63375
-0.0517525	0.00362192	2.64022
-0.0517525	0.00362192	2.64678
-0.0517525	0.00362192	2.65328
-0.0517525	0.00362192	2.65985
-0.0517525	0.00362192	2.6664
-0.0517525	0.00362192	2.67288
-0.0517525	0.00362192	2.67941
-0.0232402	-0.0110465	2.68591
-0.0232402	-0.0110465	2.69232
-0.0232402	-0.0110465	2.69891
-0.0232402	-0.0110465	2.70544
-0.0232402	-0.0110465	2.71195
-0.0232402	-0.0110465	2.7184
-0.0232402	-0.0110465	2.72485
-0.0232402	-0.0110465	2.7314
-0.0232402	-0.0110465	2.73789
-0.0232402	-0.0110465	2.74431
-0.0232402	-0.0110465	2.75089
-0.0232402	-0.0110465	2.7574
-0.0232402	-0.0110465	2.76391
-0.0242384	0.0383784	2.77044
-0.0242384	0.0383784	2.77694
-0.0242384	0.0383784	2.78348
-0.0242384	0.0383784	2.78998
-0.0242384	0.0383784	2.79646
-0.0242384	0.0383784	2.80291
-0.0242384	0.0383784	2.80946
-0.0242384	0.0383784	2.81601
-0.0242384	0.0383784	2.82251
-0.0242384	0.0383784	2.82901
-0.0242384	0.0383784	2.83556
-0.0242384	0.0383784	2.84204
-0.023671	0.0438671	2.84853
-0.023671	0.0438671	2.85502
-0.023671	0.0438671	2.86164
-0.023671	0.0438671	2.86823
-0.023671	0.0438671	2.8748
-0.023671	0.0438671	2.88131
-0.023671	0.0438671	2.88786
-0.023671	0.0438671	2.89438
-0.023671	0.0438671	2.90089
-0.023671	0.0438671	2.90741
-0.023671	0.0438671	2.91391
-0.023671	0.0438671	2.92043
-0.0253685	0.0419803	2.92689
-0.0253685	0.0419803	2.93339
-0.0253685	0.0419803	2.93987
-0.0253685	0.0419803	2.94627
-0.0253685	0.0419803	2.95272
-0.0253685	0.0419803	2.95927
-0.0253685	0.0419803	2.96576
-0.0253685	0.0419803	2.97231
-0.0253685	0.0419803	2.9789
-0.0253685	0.0419803	2.98546
-0.0253685	0.0419803	2.99199
-0.0253685	0.0419803	2.99853
-0.0253685	0.0419803	3.00508
-0.0244394	0.0361765	3.01164
-0.0244394	0.0361765	3.01814
-0.0244394	0.0361765	3.02469
-0.0244394	0.0361765	3.03121
-0.0244394	0.0361765	3.03774
-0.0244394	0.0361765	3.04422
-0.0244394	0.0361765	3.05079
-0.0244394	0.0361765	3.05732
-0.0244394	0.0361765	3.06376
-0.0244394	0.0361765	3.07027
-0.0244394	0.0361765	3.07673
-0.0244394	0.0361765	3.08316
-0.0107826	0.0137679	3.08972
-0.0107826	0.0137679	3.09622
-0.0107826	0.0137679	3.10276
-0.0107826	0.0137679	3.10927
-0.0107826	0.0137679	3.1158
-0.0107826	0.0137679	3.12224
-0.0107826	0.0137679	3.12875
-0.0107826	0.0137679	3.13525
-0.0107826	0.0137679	3.14177
-0.0107826	0.0137679	3.14836
-0.0107826	0.0137679	3.15483
-0.0107826	0.0137679	3.16141
-0.0123869	0.00262082	3.16793
-0.0123869	0.00262082	3.17438
-0.0123869	0.00262082	3.18098
-0.0123869	0.00262082	3.18752
-0.0123869	0.00262082	3.19397
-0.0123869	0.00262082	3.20055
-0.0123869	0.00262082	3.20709
-0.0123869	0.00262082	3.21362
-0.0123869	0.00262082	3.22016
-0.0123869	0.00262082	3.22676
-0.0123869	0.00262082	3.2333
-0.0123869	0.00262082	3.23982
-0.00669643	-0.015702	3.24626
-0.00669643	-0.015702	3.2527
-0.00669643	-0.015702	3.25927
-0.00669643	-0.015702	3.26572
-0.00669643	-0.015702	3.27219
-0.00669643	-0.015702	3.27876
-0.00669643	-0.015702	3.28518
-0.00669643	-0.015702	3.29173
-0.00669643	-0.015702	3.29828
-0.00669643	-0.015702	3.30481
-0.00669643	-0.015702	3.31133
-0.00669643	-0.015702	3.31793
-0.00669643	-0.015702	3.3245
-0.00567027	-0.0187003	3.331
-0.00567027	-0.0187003	3.33743
-0.00567027	-0.0187003	3.34392
-0.00567027	-0.0187003	3.35045
-0.00567027	-0.0187003	3.35688
-0.00567027	-0.0187003	3.36337
-0.00567027	-0.0187003	3.36988
-0.00567027	-0.0187003	3.37642
-0.00567027	-0.0187003	3.38287
-0.00567027	-0.0187003	3.38942
-0.00567027	-0.0187003	3.39592
-0.00567027	-0.0187003	3.40234
-0.0144835	0.0188967	3.40902
-0.0144835	0.0188967	3.41554
-0.0144835	0.0188967	3.422
-0.0144835	0.0188967	3.42849
-0.0144835	0.0188967	3.43505
-0.0144835	0.0188967	3.44149
-0.0144835	0.0188967	3.44797
-0.0144835	0.0188967	3.4544
-0.0144835	0.0188967	3.46097
-0.0144835	0.0188967	3.46749
-0.0144835	0.0188967	3.47396
-0.0144835	0.0188967	3.48052
-0.0331034	0.0657546	3.48709
-0.0331034	0.0657546	3.49353
-0.0331034	0.0657546	3.50009
-0.0331034	0.0657546	3.5066
-0.0331034	0.0657546	3.51308
-0.0331034	0.0657546	3.51962
-0.0331034	0.0657546	3.52618
-0.0331034	0.0657546	3.5327
-0.0331034	0.0657546	3.53932
-0.0331034	0.0657546	3.54584
-0.0331034	0.0657546	3.55225
-0.0331034	0.0657546	3.5588
-0.0331034	0.0657546	3.56532
-0.031409	0.0664309	3.57185
-0.031409	0.0664309	3.57828
-0.031409	0.0664309	3.58481
-0.031409	0.0664309	3.59138
-0.031409	0.0664309	3.59794
-0.031409	0.0664309	3.60437
-0.031409	0.0664309	3.61094
-0.031409	0.0664309	3.6175
-0.031409	0.0664309	3.62397
-0.031409	0.0664309	3.63052
-0.031409	0.0664309	3.63695
-0.031409	0.0664309	3.64345
-0.0313751	0.0668041	3.64999
-0.0313751	0.0668041	3.65644
-0.0313751	0.0668041	3.6629
-0.0313751	0.0668041	3.66946
-0.0313751	0.0668041	3.67593
-0.0313751	0.0668041	3.68249
-0.0313751	0.0668041	3.68903
-0.0313751	0.0668041	3.69559
-0.0313751	0.0668041	3.70211
-0.0313751	0.0668041	3.70868
-0.0313751	0.0668041	3.71519
-0.0313751	0.0668041	3.72173
-0.0318834	0.0667798	3.72822
-0.0318834	0.0667798	3.73477
-0.0318834	0.0667798	3.74121
-0.0318834	0.0667798	3.74764
-0.0318834	0.0667798	3.75416
-0.0318834	0.0667798	3.7607
-0.0318834	0.0667798	3.76726
-0.0318834	0.0667798	3.77378
-0.0318834	0.0667798	3.78031
-0.0318834	0.0667798	3.78682
-0.0318834	0.0667798	3.79335
-0.0318834	0.0667798	3.79986
-0.0323479	0.0671124	3.80632
-0.0323479	0.0671124	3.81279
-0.0323479	0.0671124	3.81931
-0.0323479	0.0671124	3.82589
-0.0323479	0.0671124	3.83243
-0.0323479	0.0671124	3.83893
-0.0323479	0.0671124	3.84547
-0.0323479	0.0671124	3.85224
-0.0323479	0.0671124	3.85874
-0.0323479	0.0671124	3.8652
-0.0323479	0.0671124	3.8718
-0.0323479	0.0671124	3.87826
-0.0323479	0.0671124	3.88469
-0.032112	0.0673438	3.89124
-0.032112	0.0673438	3.89781
-0.032112	0.0673438	3.90437
-0.032112	0.0673438	3.91086
-0.032112	0.0673438	3.91738
-0.032112	0.0673438	3.92396
-0.032112	0.0673438	3.93044
-0.032112	0.0673438	3.93689
-0.032112	0.0673438	3.9434
-0.032112	0.0673438	3.94989
-0.032112	0.0673438	3.95632
-0.032112	0.0673438	3.9628
-0.0327864	0.0671399	3.96931
-0.0327864	0.0671399	3.97581
-0.0327864	0.0671399	3.98229
-0.0327864	0.0671399	3.9888
-0.0327864	0.0671399	3.99539
-0.0327864	0.0671399	4.00193
-0.0327864	0.0671399	4.00845
-0.0327864	0.0671399	4.01492
-0.0327864	0.0671399	4.02142
-0.0327864	0.0671399	4.02785
-0.0327864	0.0671399	4.03431
-0.0327864	0.0671399	4.04084
-0.0327226	0.0677287	4.0473
-0.0327226	0.0677287	4.05384
-0.0327226	0.0677287	4.06037
-0.0327226	0.0677287	4.06682
-0.0327226	0.0677287	4.07334
-0.0327226	0.0677287	4.07989
-0.0327226	0.0677287	4.08641
-0.0327226	0.0677287	4.09288
-0.0327226	0.0677287	4.09942
-0.0327226	0.0677287	4.10593
-0.0327226	0.0677287	4.11249
-0.0327226	0.0677287	4.11906
-0.0327825	0.0678967	4.12559
-0.0327825	0.0678967	4.13221
-0.0327825	0.0678967	4.13876
-0.0327825	0.0678967	4.14527
-0.0327825	0.0678967	4.1518
-0.0327825	0.0678967	4.15834
-0.0327825	0.0678967	4.16478
-0.0327825	0.0678967	4.17123
-0.0327825	0.0678967	4.17775
-0.0327825	0.0678967	4.18435
-0.0327825	0.0678967	4.19089
-0.0327825	0.0678967	4.19747
-0.0327825	0.0678967	4.20407
-0.0106927	0.0160877	4.21062
-0.0106927	0.0160877	4.21709
-0.0106927	0.0160877	4.22362
-0.0106927	0.0160877	4.23016
-0.0106927	0.0160877	4.2367
-0.0106927	0.0160877	4.24312
-0.0106927	0.0160877	4.24967
-0.0106927	0.0160877	4.25614
-0.0106927	0.0160877	4.26257
-0.0106927	0.0160877	4.26911
-0.0106927	0.0160877	4.27567
-0.0106927	0.0160877	4.28216
0.0153993	-0.00752873	4.28869
0.0153993	-0.00752873	4.29519
0.0153993	-0.00752873	4.30177
0.0153993	-0.00752873	4.30827
0.0153993	-0.00752873	4.31476
0.0153993	-0.00752873	4.32127
0.0153993	-0.00752873	4.32777
0.0153993	-0.00752873	4.33429
0.0153993	-0.00752873	4.3408
0.0153993	-0.00752873	4.34731
0.0153993	-0.00752873	4.35387
0.0153993	-0.00752873	4.36044
0.00767837	0.0246638	4.36691
0.00767837	0.0246638	4.37344
0.00767837	0.0246638	4.37994
0.00767837	0.0246638	4.38644
0.00767837	0.0246638	4.39291
0.00767837	0.0246638	4.39949
0.00767837	0.0246638	4.40604
0.00767837	0.0246638	4.41248
0.00767837	0.0246638	4.41916
0.00767837	0.0246638	4.42565
0.00767837	0.0246638	4.43209
0.00767837	0.0246638	4.43852
0.00767837	0.0246638	4.44504
-0.0500382	0.0488438	4.45153
-0.0500382	0.0488438	4.458
-0.0500382	0.0488438	4.46443
-0.0500382	0.0488438	4.47088
-0.0500382	0.0488438	4.47735
-0.0500382	0.0488438	4.48382
-0.0500382	0.0488438	4.49038
-0.0500382	0.0488438	4.4969
-0.0500382	0.0488438	4.50333
-0.0500382	0.0488438	4.50995
-0.0500382	0.0488438	4.51646
-0.0500382	0.0488438	4.52289
-0.0641366	0.0440965	4.52944
-0.0641366	0.0440965	4.53595
-0.0641366	0.0440965	4.54248
-0.0641366	0.0440965	4.54893
-0.0641366	0.0440965	4.55557
-0.0641366	0.0440965	4.56214
-0.0641366	0.0440965	4.56877
-0.0641366	0.0440965	4.57525
-0.0641366	0.0440965	4.58189
-0.0641366	0.0440965	4.58841
-0.0641366	0.0440965	4.59493
-0.0641366	0.0440965	4.60146
-0.0274109	0.0458648	4.60801
-0.0274109	0.0458648	4.61454
-0.0274109	0.0458648	4.62105
-0.0274109	0.0458648	4.62755
-0.0274109	0.0458648	4.63402
-0.0274109	0.0458648	4.64049
-0.0274109	0.0458648	4.64702
-0.0274109	0.0458648	4.65354
-0.0274109	0.0458648	4.6601
-0.0274109	0.0458648	4.6666
-0.0274109	0.0458648	4.67313
-0.0274109	0.0458648	4.67965
-0.012215	0.000401855	4.68616
-0.012215	0.000401855	4.69259
-0.012215	0.000401855	4.69919
-0.012215	0.000401855	4.70575
-0.012215	0.000401855	4.71226
-0.012215	0.000401855	4.71879
-0.012215	0.000401855	4.72525
-0.012215	0.000401855	4.7318
-0.012215	0.000401855	4.7383
-0.012215	0.000401855	4.74479
-0.012215	0.000401855	4.75136
-0.012215	0.000401855	4.75786
-0.012215	0.000401855	4.7643
0.0148763	-0.0307888	4.77086
0.0148763	-0.0307888	4.77743
0.0148763	-0.0307888	4.78388
0.0148763	-0.0307888	4.79044
0.0148763	-0.0307888	4.79692
0.0148763	-0.0307888	4.80339
0.0148763	-0.0307888	4.81001
0.0148763	-0.0307888	4.81659
0.0148763	-0.0307888	4.82316
0.0148763	-0.0307888	4.82966
0.0148763	-0.0307888	4.83617
0.0148763	-0.0307888	4.84266
0.00682872	-0.0206175	4.8492
0.00682872	-0.0206175	4.85567
0.00682872	-0.0206175	4.86219
0.00682872	-0.0206175	4.86864
0.00682872	-0.0206175	4.87516
0.00682872	-0.0206175	4.88165
0.00682872	-0.0206175	4.88813
0.00682872	-0.0206175	4.89486
0.00682872	-0.0206175	4.90139
0.00682872	-0.0206175	4.90793
0.00682872	-0.0206175	4.91453
0.00682872	-0.0206175	4.92109
-0.0139599	0.00538137	4.92761
-0.0139599	0.00538137	4.93426
-0.0139599	0.00538137	4.94082
-0.0139599	0.00538137	4.94734
-0.0139599	0.00538137	4.95396
-0.0139599	0.00538137	4.96052
-0.0139599	0.00538137	4.967
-0.0139599	0.00538137	4.97363
-0.0139599	0.00538137	4.98026
-0.0139599	0.00538137	4.98677
-0.0139599	0.00538137	4.99336
-0.0139599	0.00538137	4.99988
-0.0573761	0.0598807	5.00635
-0.0573761	0.0598807	5.01285
-0.0573761	0.0598807	5.01943
-0.0573761	0.0598807	5.02594
-0.0573761	0.0598807	5.03244
-0.0573761	0.0598807	5.03887
-0.0573761	0.0598807	5.04541
-0.0573761	0.0598807	5.05197
-0.0573761	0.0598807	5.05847
-0.0573761	0.0598807	5.0649
-0.0573761	0.0598807	5.07142
-0.0573761	0.0598807	5.0779
-0.0573761	0.0598807	5.08438
-0.0765794	0.0794535	5.09093
-0.0765794	0.0794535	5.0975
-0.0765794	0.0794535	5.10408
-0.0765794	0.0794535	5.11061
-0.0765794	0.0794535	5.11713
-0.0765794	0.0794535	5.12367
-0.0765794	0.0794535	5.13018
-0.0765794	0.0794535	5.1367
-0.0765794	0.0794535	5.14318
-0.0765794	0.0794535	5.14975
-0.0765794	0.0794535	5.15634
-0.0765794	0.0794535	5.1629
-0.0780119	0.0794339	5.16941
-0.0780119	0.0794339	5.17593
-0.0780119	0.0794339	5.18241
-0.0780119	0.0794339	5.18899
-0.0780119	0.0794339	5.19549
-0.0780119	0.0794339	5.20196
-0.0780119	0.0794339	5.20852
-0.0780119	0.0794339	5.215
-0.0780119	0.0794339	5.22148
-0.0780119	0.0794339	5.22792
-0.0780119	0.0794339	5.23435
-0.0780119	0.0794339	5.2409
-0.0780109	0.0783154	5.24732
-0.0780109	0.0783154	5.25381
-0.0780109	0.0783154	5.26036
-0.0780109	0.0783154	5.26689
-0.0780109	0.0783154	5.27332
-0.0780109	0.0783154	5.28001
-0.0780109	0.0783154	5.28663
-0.0780109	0.0783154	5.29317
-0.0780109	0.0783154	5.29969
-0.0780109	0.0783154	5.30613
-0.0780109	0.0783154	5.31262
-0.0780109	0.0783154	5.31915
-0.0788991	0.0785685	5.32561
-0.0788991	0.0785685	5.3324
-0.0788991	0.0785685	5.339
-0.0788991	0.0785685	5.34545
-0.0788991	0.0785685	5.35212
-0.0788991	0.0785685	5.35872
-0.0788991	0.0785685	5.36529
-0.0788991	0.0785685	5.37182
-0.0788991	0.0785685	5.37826
-0.0788991	0.0785685	5.38486
-0.0788991	0.0785685	5.39143
-0.0788991	0.0785685	5.39795
-0.0788991	0.0785685	5.4044
-0.0796103	0.0777753	5.411
-0.0796103	0.0777753	5.41755
-0.0796103	0.0777753	5.42408
-0.0796103	0.0777753	5.43056
-0.0796103	0.0777753	5.4371
-0.0796103	0.0777753	5.44357
-0.0796103	0.0777753	5.4501
-0.0796103	0.0777753	5.45656
-0.0796103	0.0777753	5.46307
-0.0796103	0.0777753	5.4696
-0.0796103	0.0777753	5.47616
-0.0796103	0.0777753	5.48259
-0.0797584	0.0784972	5.48919
-0.0797584	0.0784972	5.49573
-0.0797584	0.0784972	5.50215
-0.0797584	0.0784972	5.50874
-0.0797584	0.0784972	5.51534
-0.0797584	0.0784972	5.52181
-0.0797584	0.0784972	5.52823
-0.0797584	0.0784972	5.53471
-0.0797584	0.0784972	5.54125
-0.0797584	0.0784972	5.54773
-0.0797584	0.0784972	5.55428
-0.0797584	0.0784972	5.56081
-0.0801386	0.0786794	5.56737
-0.0801386	0.0786794	5.5738
-0.0801386	0.0786794	5.58038
-0.0801386	0.0786794	5.5869
-0.0801386	0.0786794	5.59349
-0.0801386	0.0786794	5.6
-0.0801386	0.0786794	5.60639
-0.0801386	0.0786794	5.61291
-0.0801386	0.0786794	5.61942
-0.0801386	0.0786794	5.62586
-0.0801386	0.0786794	5.63232
-0.0801386	0.0786794	5.63886
-0.0801386	0.0786794	5.6453
-0.0805446	0.0792231	5.65199
-0.0805446	0.0792231	5.65846
-0.0805446	0.0792231	5.66494
-0.0805446	0.0792231	5.67137
-0.0805446	0.0792231	5.67792
-0.0805446	0.0792231	5.6845
-0.0805446	0.0792231	5.69101
-0.0805446	0.0792231	5.69748
-0.0805446	0.0792231	5.70399
-0.0805446	0.0792231	5.71053
-0.0805446	0.0792231	5.71694
-0.0805446	0.0792231	5.72338
-0.081178	0.079059	5.72989
-0.081178	0.079059	5.7364
-0.081178	0.079059	5.74285
-0.081178	0.079059	5.74941
-0.081178	0.079059	5.75599
-0.081178	0.079059	5.76243
-0.081178	0.079059	5.76889
-0.081178	0.079059	5.77541
-0.081178	0.079059	5.78202
-0.081178	0.079059	5.78857
-0.081178	0.079059	5.79509
-0.081178	0.079059	5.80168
-0.0580905	0.105594	5.80822
-0.0580905	0.105594	5.81475
-0.0580905	0.105594	5.82123
-0.0580905	0.105594	5.82777
-0.0580905	0.105594	5.83429
-0.0580905	0.105594	5.8408
-0.0580905	0.105594	5.84727
-0.0580905	0.105594	5.85384
-0.0580905	0.105594	5.86038
-0.0580905	0.105594	5.86688
-0.0580905	0.105594	5.87336
-0.0580905	0.105594	5.8799
-0.130241	0.105483	5.88631
-0.130241	0.105483	5.8928
-0.130241	0.105483	5.8993
-0.130241	0.105483	5.90571
-0.130241	0.105483	5.91224
-0.130241	0.105483	5.91875
-0.130241	0.105483	5.92534
-0.130241	0.105483	5.9319
-0.130241	0.105483	5.93839
-0.130241	0.105483	5.94484
-0.130241	0.105483	5.95135
-0.130241	0.105483	5.95788
-0.130241	0.105483	5.96444
-0.154011	0.0770642	5.97097
-0.154011	0.0770642	5.97743
-0.154011	0.0770642	5.98392
-0.154011	0.0770642	5.99045
-0.154011	0.0770642	5.99691
-0.154011	0.0770642	6.00347
-0.154011	0.0770642	6.00996
-0.154011	0.0770642	6.01652
-0.154011	0.0770642	6.02308
-0.154011	0.0770642	6.02963
-0.154011	0.0770642	6.03618
-0.154011	0.0770642	6.04267
-0.139136	0.0819039	6.04918
-0.139136	0.0819039	6.05562
-0.139136	0.0819039	6.06208
-0.139136	0.0819039	6.0686
-0.139136	0.0819039	6.07514
-0.139136	0.0819039	6.08164
-0.139136	0.0819039	6.0883
-0.139136	0.0819039	6.09475
-0.139136	0.0819039	6.10129
-0.139136	0.0819039	6.10785
-0.139136	0.0819039	6.11439
-0.139136	0.0819039	6.1209
-0.0996478	0.113357	6.12749
-0.0996478	0.113357	6.13398
-0.0996478	0.113357	6.14048
-0.0996478	0.113357	6.14699
-0.0996478	0.113357	6.15346
-0.0996478	0.113357	6.16003
-0.0996478	0.113357	6.16654
-0.0996478	0.113357	6.17304
-0.0996478	0.113357	6.17957
-0.0996478	0.113357	6.18608
-0.0996478	0.113357	6.19252
-0.0996478	0.113357	6.19898
-0.0996478	0.113357	6.20547
-0.0545684	0.0998639	6.21199
-0.0545684	0.0998639	6.21845
-0.0545684	0.0998639	6.22492
-0.0545684	0.0998639	6.23139
-0.0545684	0.0998639	6.23799
-0.0545684	0.0998639	6.24451
-0.0545684	0.0998639	6.25105
-0.0545684	0.0998639	6.25748
-0.0545684	0.0998639	6.26403
-0.0545684	0.0998639	6.27047
-0.0545684	0.0998639	6.27698
-0.0545684	0.0998639	6.28355
-0.0129084	0.0730034	6.29004
-0.0129084	0.0730034	6.29655
-0.0129084	0.0730034	6.30299
-0.0129084	0.0730034	6.30955
-0.0129084	0.0730034	6.31612
-0.0129084	0.0730034	6.32254
-0.0129084	0.0730034	6.32906
-0.0129084	0.0730034	6.33559
-0.0129084	0.0730034	6.34205
-0.0129084	0.0730034	6.34854
-0.0129084	0.0730034	6.355
-0.0129084	0.0730034	6.3614
-0.0101678	0.0739254	6.36792
-0.0101678	0.0739254	6.37437
-0.0101678	0.0739254	6.38091
-0.0101678	0.0739254	6.38746
-0.0101678	0.0739254	6.39395
-0.0101678	0.0739254	6.4005
-0.0101678	0.0739254	6.40698
-0.0101678	0.0739254	6.41349
-0.0101678	0.0739254	6.42008
-0.0101678	0.0739254	6.4266
-0.0101678	0.0739254	6.43309
-0.0101678	0.0739254	6.43966
-0.0306964	0.0821777	6.44617
-0.0306964	0.0821777	6.45263
-0.0306964	0.0821777	6.45918
-0.0306964	0.0821777	6.46574
-0.0306964	0.0821777	6.47226
-0.0306964	0.0821777	6.47873
-0.0306964	0.0821777	6.48523
-0.0306964	0.0821777	6.49179
-0.0306964	0.0821777	6.49831
-0.0306964	0.0821777	6.50474
-0.0306964	0.0821777	6.51133
-0.0306964	0.0821777	6.51785
-0.0306964	0.0821777	6.52428
-0.0953292	0.113786	6.5309
-0.0953292	0.113786	6.53748
-0.0953292	0.113786	6.54402
-0.0953292	0.113786	6.55057
-0.0953292	0.113786	6.55712
-0.0953292	0.113786	6.56363
-0.0953292	0.113786	6.57013
-0.0953292	0.113786	6.57665
-0.0953292	0.113786	6.58315
-0.0953292	0.113786	6.58975
-0.0953292	0.113786	6.5963
-0.0953292	0.113786	6.6028
-0.135886	0.128829	6.60939
-0.135886	0.128829	6.61597
-0.135886	0.128829	6.62243
-0.135886	0.128829	6.629
-0.135886	0.128829	6.63556
-0.135886	0.128829	6.64205
-0.135886	0.128829	6.64861
-0.135886	0.128829	6.65509
-0.135886	0.128829	6.66163
-0.135886	0.128829	6.66807
-0.135886	0.128829	6.67474
-0.135886	0.128829	6.68127
-0.135802	0.129579	6.68776
-0.135802	0.129579	6.69433
-0.135802	0.129579	6.70085
-0.135802	0.129579	6.7074
-0.135802	0.129579	6.71397
-0.135802	0.129579	6.7206
-0.135802	0.129579	6.72716
-0.135802	0.129579	6.73368
-0.135802	0.129579	6.74036
-0.135802	0.129579	6.74692
-0.135802	0.129579	6.75343
-0.135802	0.129579	6.76002
-0.135931	0.130087	6.7665
-0.135931	0.130087	6.77302
-0.135931	0.130087	6.7795
-0.135931	0.130087	6.78605
-0.135931	0.130087	6.79259
-0.135931	0.130087	6.7991
-0.135931	0.130087	6.80562
-0.135931	0.130087	6.8121
-0.135931	0.130087	6.81869
-0.135931	0.130087	6.82519
-0.135931	0.130087	6.83169
-0.135931	0.130087	6.83824
-0.135931	0.130087	6.84466
-0.137077	0.130155	6.8512
-0.137077	0.130155	6.85764
-0.137077	0.130155	6.86416
-0.137077	0.130155	6.87069
-0.137077	0.130155	6.87711
-0.137077	0.130155	6.88359
-0.137077	0.130155	6.89012
-0.137077	0.130155	6.89657
-0.137077	0.130155	6.90306
-0.137077	0.130155	6.90956
-0.137077	0.130155	6.91603
-0.137077	0.130155	6.92254
-0.138156	0.130851	6.92899
-0.138156	0.130851	6.93552
-0.138156	0.130851	6.94205
-0.138156	0.130851	6.94866
-0.138156	0.130851	6.95515
-0.138156	0.130851	6.96166
-0.138156	0.130851	6.96819
-0.138156	0.130851	6.97463
-0.138156	0.130851	6.9812
-0.138156	0.130851	6.98772
-0.138156	0.130851	6.99413
-0.138156	0.130851	7.00064
-0.139355	0.133246	7.00713
-0.139355	0.133246	7.0136
-0.139355	0.133246	7.02021
-0.139355	0.133246	7.02671
-0.139355	0.133246	7.03323
-0.139355	0.133246	7.03977
-0.139355	0.133246	7.0463
-0.139355	0.133246	7.05274
-0.139355	0.133246	7.05931
-0.139355	0.133246	7.06573
-0.139355	0.133246	7.07219
-0.139355	0.133246	7.07872
-0.139355	0.133246	7.08513
-0.139711	0.134499	7.09169
-0.139711	0.134499	7.09812
-0.139711	0.134499	7.10457
-0.139711	0.134499	7.11108
-0.139711	0.134499	7.11765
-0.139711	0.134499	7.12412
-0.139711	0.134499	7.1307
-0.139711	0.134499	7.1372
-0.139711	0.134499	7.14372
-0.139711	0.134499	7.15023
-0.139711	0.134499	7.1568
-0.139711	0.134499	7.16329
-0.139858	0.134625	7.16981
-0.139858	0.134625	7.17621
-0.139858	0.134625	7.18266
-0.139858	0.134625	7.18921
-0.139858	0.134625	7.19568
-0.139858	0.134625	7.20217
-0.139858	0.134625	7.20872
-0.139858	0.134625	7.21523
-0.139858	0.134625	7.22182
-0.139858	0.134625	7.22838
-0.139858	0.134625	7.23486
-0.139858	0.134625	7.24146
-0.140418	0.134428	7.24798
-0.140418	0.134428	7.25454
-0.140418	0.134428	7.26107
-0.140418	0.134428	7.26764
-0.140418	0.134428	7.27411
-0.140418	0.134428	7.28063
-0.140418	0.134428	7.28714
-0.140418	0.134428	7.29369
-0.140418	0.134428	7.30021
-0.140418	0.134428	7.30675
-0.140418	0.134428	7.31315
-0.140418	0.134428	7.31966
-0.101465	0.124284	7.32621
-0.101465	0.124284	7.33269
-0.101465	0.124284	7.33925
-0.101465	0.124284	7.34579
-0.101465	0.124284	7.35229
-0.101465	0.124284	7.35879
-0.101465	0.124284	7.36529
-0.101465	0.124284	7.37192
-0.101465	0.124284	7.37835
-0.101465	0.124284	7.38485
-0.101465	0.124284	7.39139
-0.101465	0.124284	7.3979
-0.101465	0.124284	7.40434
-0.0727948	0.145578	7.41094
-0.0727948	0.145578	7.41748
-0.0727948	0.145578	7.42394
-0.0727948	0.145578	7.43048
-0.0727948	0.145578	7.43705
-0.0727948	0.145578	7.44351
-0.0727948	0.145578	7.45012
-0.0727948	0.145578	7.45663
-0.0727948	0.145578	7.46311
-0.0727948	0.145578	7.46964
-0.0727948	0.145578	7.47616
-0.0727948	0.145578	7.48258
-0.115711	0.175993	7.48907
-0.115711	0.175993	7.49556
-0.115711	0.175993	7.50202
-0.115711	0.175993	7.50848
-0.115711	0.175993	7.51499
-0.115711	0.175993	7.52154
-0.115711	0.175993	7.52805
-0.115711	0.175993	7.53456
-0.115711	0.175993	7.54112
-0.115711	0.175993	7.54772
-0.115711	0.175993	7.55421
-0.115711	0.175993	7.56076
-0.134597	0.134988	7.56726
-0.134597	0.134988	7.57379
-0.134597	0.134988	7.58031
-0.134597	0.134988	7.58675
-0.134597	0.134988	7.59318
-0.134597	0.134988	7.59973
-0.134597	0.134988	7.60624
-0.134597	0.134988	7.61275
-0.134597	0.134988	7.61928
-0.134597	0.134988	7.62567
-0.134597	0.134988	7.63208
-0.134597	0.134988	7.63865
-0.134597	0.134988	7.64511
-0.131322	0.142003	7.65165
-0.131322	0.142003	7.65822
-0.131322	0.142003	7.66463
-0.131322	0.142003	7.67117
-0.131322	0.142003	7.67771
-0.131322	0.142003	7.68424
-0.131322	0.142003	7.69077
-0.131322	0.142003	7.69731
-0.131322	0.142003	7.70373
-0.131322	0.142003	7.71027
-0.131322	0.142003	7.71678
-0.131322	0.142003	7.72325
-0.1132	0.15396	7.72983
-0.1132	0.15396	7.73632
-0.1132	0.15396	7.74281
-0.1132	0.15396	7.74932
-0.1132	0.15396	7.75572
-0.1132	0.15396	7.76215
-0.1132	0.15396	7.76867
-0.1132	0.15396	7.77512
-0.1132	0.15396	7.78168
-0.1132	0.15396	7.78819
-0.1132	0.15396	7.79473
-0.1132	0.15396	7.80128
-0.0793256	0.125498	7.8078
-0.0793256	0.125498	7.81423
-0.0793256	0.125498	7.82083
-0.0793256	0.125498	7.82737
-0.0793256	0.125498	7.8338
-0.0793256	0.125498	7.84037
-0.0793256	0.125498	7.84689
-0.0793256	0.125498	7.85339
-0.0793256	0.125498	7.85985
-0.0793256	0.125498	7.86637
-0.0793256	0.125498	7.87278
-0.0793256	0.125498	7.87927
-0.0301839	0.111598	7.88579
-0.0301839	0.111598	7.89226
-0.0301839	0.111598	7.89891
-0.0301839	0.111598	7.90542
-0.0301839	0.111598	7.91184
-0.0301839	0.111598	7.91835
-0.0301839	0.111598	7.92486
-0.0301839	0.111598	7.93144
-0.0301839	0.111598	7.93796
-0.0301839	0.111598	7.94438
-0.0301839	0.111598	7.95097
-0.0301839	0.111598	7.95753
-0.0301839	0.111598	7.96399
-0.0473964	0.11057	7.97058
-0.0473964	0.11057	7.97711
-0.0473964	0.11057	7.98356
-0.0473964	0.11057	7.99016
-0.0473964	0.11057	7.99671
-0.0473964	0.11057	8.00315
-0.0473964	0.11057	8.00979
-0.0473964	0.11057	8.01632
-0.0473964	0.11057	8.02286
-0.0473964	0.11057	8.02935
-0.0473964	0.11057	8.03588
-0.0473964	0.11057	8.04239
-0.0581284	0.112598	8.04889
-0.0581284	0.112598	8.05534
-0.0581284	0.112598	8.06191
-0.0581284	0.112598	8.06847
-0.0581284	0.112598	8.07496
-0.0581284	0.112598	8.08156
-0.0581284	0.112598	8.0881
-0.0581284	0.112598	8.09453
-0.0581284	0.112598	8.1011
-0.0581284	0.112598	8.10757
-0.0581284	0.112598	8.11401
-0.0581284	0.112598	8.12063
-0.106969	0.136558	8.12711
-0.106969	0.136558	8.13372
-0.106969	0.136558	8.14024
-0.106969	0.136558	8.14674
-0.106969	0.136558	8.15327
-0.106969	0.136558	8.15977
-0.106969	0.136558	8.16623
-0.106969	0.136558	8.17276
-0.106969	0.136558	8.17925
-0.106969	0.136558	8.18567
-0.106969	0.136558	8.19214
-0.106969	0.136558	8.19859
-0.106969	0.136558	8.20507
-0.154016	0.148718	8.21168
-0.154016	0.148718	8.2183
-0.154016	0.148718	8.22485
-0.154016	0.148718	8.2314
-0.154016	0.148718	8.23794
-0.154016	0.148718	8.24439
-0.154016	0.148718	8.25094
-0.154016	0.148718	8.2575
-0.154016	0.148718	8.26394
-0.154016	0.148718	8.27041
-0.154016	0.148718	8.27695
-0.154016	0.148718	8.2834
-0.176341	0.155681	8.28991
-0.176341	0.155681	8.29643
-0.176341	0.155681	8.30299
-0.176341	0.155681	8.30951
-0.176341	0.155681	8.31603
-0.176341	0.155681	8.32252
-0.176341	0.155681	8.32907
-0.176341	0.155681	8.33555
-0.176341	0.155681	8.34206
-0.176341	0.155681	8.34859
-0.176341	0.155681	8.35501
-0.176341	0.155681	8.3615
-0.177494	0.155367	8.36804
-0.177494	0.155367	8.37459
-0.177494	0.155367	8.38113
-0.177494	0.155367	8.38766
-0.177494	0.155367	8.39408
-0.177494	0.155367	8.4006
-0.177494	0.155367	8.40699
-0.177494	0.155367	8.41344
-0.177494	0.155367	8.41993
-0.177494	0.155367	8.42641
-0.177494	0.155367	8.43291
-0.177494	0.155367	8.43948
-0.178074	0.155536	8.44595
-0.178074	0.155536	8.45241
-0.178074	0.155536	8.45895
-0.178074	0.155536	8.46552
-0.178074	0.155536	8.47206
-0.178074	0.155536	8.4786
-0.178074	0.155536	8.48506
-0.178074	0.155536	8.49158
-0.178074	0.155536	8.49806
-0.178074	0.155536	8.50453
-0.178074	0.155536	8.51103
-0.178074	0.155536	8.5175
-0.178074	0.155536	8.52395
-0.178471	0.155297	8.53043
-0.178471	0.155297	8.53703
-0.178471	0.155297	8.54351
-0.178471	0.155297	8.54996
-0.178471	0.155297	8.55652
-0.178471	0.155297	8.56303
-0.178471	0.155297	8.56952
-0.178471	0.155297	8.57606
-0.178471	0.155297	8.58254
-0.178471	0.155297	8.58909
-0.178471	0.155297	8.59567
-0.178471	0.155297	8.60212
-0.179235	0.15431	8.60871
-0.179235	0.15431	8.61523
-0.179235	0.15431	8.62176
-0.179235	0.15431	8.62831
-0.179235	0.15431	8.63482
-0.179235	0.15431	8.64135
-0.179235	0.15431	8.64784
-0.179235	0.15431	8.65433
-0.179235	0.15431	8.66086
-0.179235	0.15431	8.66738
-0.179235	0.15431	8.67394
-0.179235	0.15431	8.68051
-0.180591	0.154886	8.68702
-0.180591	0.154886	8.69367
-0.180591	0.154886	8.70026
-0.180591	0.154886	8.70683
-0.180591	0.154886	8.71329
-0.180591	0.154886	8.71985
-0.180591	0.154886	8.72635
-0.180591	0.154886	8.73277
-0.180591	0.154886	8.73927
-0.180591	0.154886	8.74569
-0.180591	0.154886	8.75211
-0.180591	0.154886	8.75855
-0.180591	0.154886	8.76507
-0.180402	0.155102	8.77158
-0.180402	0.155102	8.77812
-0.180402	0.155102	8.78456
-0.180402	0.155102	8.79107
-0.180402	0.155102	8.79762
-0.180402	0.155102	8.80403
-0.180402	0.155102	8.81065
-0.180402	0.155102	8.81714
-0.180402	0.155102	8.82367
-0.180402	0.155102	8.83022
-0.180402	0.155102	8.83674
-0.180402	0.155102	8.84316
-0.180151	0.155463	8.84971
-0.180151	0.155463	8.85622
-0.180151	0.155463	8.86268
-0.180151	0.155463	8.86923
-0.180151	0.155463	8.87578
-0.180151	0.155463	8.88221
-0.180151	0.155463	8.88876
-0.180151	0.155463	8.89527
-0.180151	0.155463	8.90174
-0.180151	0.155463	8.90831
-0.180151	0.155463	8.91487
-0.180151	0.155463	8.92147
-0.143502	0.16976	8.92802
-0.143502	0.16976	8.93459
-0.143502	0.16976	8.94111
-0.143502	0.16976	8.94767
-0.143502	0.16976	8.95419
-0.143502	0.16976	8.96077
-0.143502	0.16976	8.96729
-0.143502	0.16976	8.97377
-0.143502	0.16976	8.98033
-0.143502	0.16976	8.98692
-0.143502	0.16976	8.9934
-0.143502	0.16976	8.99998
-0.208393	0.135291	9.00647
-0.208393	0.135291	9.01294
-0.208393	0.135291	9.01949
-0.208393	0.135291	9.02603
-0.208393	0.135291	9.03248
-0.208393	0.135291	9.03905
-0.208393	0.135291	9.04555
-0.208393	0.135291	9.05222
-0.208393	0.135291	9.05871
-0.208393	0.135291	9.06564
-0.208393	0.135291	9.07206
-0.208393	0.135291	9.07852
-0.208393	0.135291	9.08506
-0.218503	0.109439	9.09153
-0.218503	0.109439	9.09814
-0.218503	0.109439	9.10464
-0.218503	0.109439	9.11117
-0.218503	0.109439	9.11769
-0.218503	0.109439	9.12424
-0.218503	0.109439	9.13077
-0.218503	0.109439	9.13735
-0.218503	0.109439	9.14389
-0.218503	0.109439	9.15045
-0.218503	0.109439	9.157
-0.218503	0.109439	9.16343
-0.211091	0.11719	9.16997
-0.211091	0.11719	9.17647
-0.211091	0.11719	9.18291
-0.211091	0.11719	9.1895
-0.211091	0.11719	9.196
-0.211091	0.11719	9.20248
-0.211091	0.11719	9.20908
-0.211091	0.11719	9.21565
-0.211091	0.11719	9.22214
-0.211091	0.11719	9.22862
-0.211091	0.11719	9.23521
-0.211091	0.11719	9.24174
-0.206038	0.116431	9.24828
-0.206038	0.116431	9.25472
-0.206038	0.116431	9.26136
-0.206038	0.116431	9.26784
-0.206038	0.116431	9.27432
-0.206038	0.116431	9.28095
-0.206038	0.116431	9.28743
-0.206038	0.116431	9.29401
-0.206038	0.116431	9.30056
-0.206038	0.116431	9.30703
-0.206038	0.116431	9.31356
-0.206038	0.116431	9.32011
-0.184433	0.142265	9.32657
-0.184433	0.142265	9.33309
-0.184433	0.142265	9.33953
-0.184433	0.142265	9.34606
-0.184433	0.142265	9.35253
-0.184433	0.142265	9.35905
-0.184433	0.142265	9.36546
-0.184433	0.142265	9.37208
-0.184433	0.142265	9.37865
-0.184433	0.142265	9.38516
-0.184433	0.142265	9.39166
-0.184433	0.142265	9.3982
-0.184433	0.142265	9.40477
-0.116263	0.156367	9.41136
-0.116263	0.156367	9.4179
-0.116263	0.156367	9.42447
-0.116263	0.156367	9.43094
-0.116263	0.156367	9.43741
-0.116263	0.156367	9.44393
-0.116263	0.156367	9.45046
-0.116263	0.156367	9.45698
-0.116263	0.156367	9.46341
-0.116263	0.156367	9.46991
-0.116263	0.156367	9.47642
-0.116263	0.156367	9.48284
-0.080593	0.154382	9.48948
-0.080593	0.154382	9.49591
-0.080593	0.154382	9.50231
-0.080593	0.154382	9.50879
-0.080593	0.154382	9.51535
-0.080593	0.154382	9.52189
-0.080593	0.154382	9.52841
-0.080593	0.154382	9.53484
-0.080593	0.154382	9.54137
-0.080593	0.154382	9.54788
-0.080593	0.154382	9.55432
-0.080593	0.154382	9.56084
-0.109614	0.161291	9.56737
-0.109614	0.161291	9.57383
-0.109614	0.161291	9.58033
-0.109614	0.161291	9.58684
-0.109614	0.161291	9.59326
-0.109614	0.161291	9.59984
-0.109614	0.161291	9.6064
-0.109614	0.161291	9.613
-0.109614	0.161291	9.61957
-0.109614	0.161291	9.62614
-0.109614	0.161291	9.63258
-0.109614	0.161291	9.63909
-0.151406	0.168437	9.64561
-0.151406	0.168437	9.6522
-0.151406	0.168437	9.6588
-0.151406	0.168437	9.6653
-0.151406	0.168437	9.67175
-0.151406	0.168437	9.67826
-0.151406	0.168437	9.68475
-0.151406	0.168437	9.69132
-0.151406	0.168437	9.69788
-0.151406	0.168437	9.70441
-0.151406	0.168437	9.71091
-0.151406	0.168437	9.71746
-0.151406	0.168437	9.72402
-0.175988	0.166962	9.73061
-0.175988	0.166962	9.73719
-0.175988	0.166962	9.74368
-0.175988	0.166962	9.75019
-0.175988	0.166962	9.75663
-0.175988	0.166962	9.76316
-0.175988	0.166962	9.76971
-0.175988	0.166962	9.77614
-0.175988	0.166962	9.78259
-0.175988	0.166962	9.78911
-0.175988	0.166962	9.79556
-0.175988	0.166962	9.80206
-0.215766	0.161662	9.80847
-0.215766	0.161662	9.81507
-0.215766	0.161662	9.82161
-0.215766	0.161662	9.82815
-0.215766	0.161662	9.83467
-0.215766	0.161662	9.84123
-0.215766	0.161662	9.84774
-0.215766	0.161662	9.8543
-0.215766	0.161662	9.86079
-0.215766	0.161662	9.86733
-0.215766	0.161662	9.87379
-0.215766	0.161662	9.88031
-0.223435	0.159944	9.88684
-0.223435	0.159944	9.89377
-0.223435	0.159944	9.90027
-0.223435	0.159944	9.90686
-0.223435	0.159944	9.91328
-0.223435	0.159944	9.91977
-0.223435	0.159944	9.92619
-0.223435	0.159944	9.93262
-0.223435	0.159944	9.93911
-0.223435	0.159944	9.94571
-0.223435	0.159944	9.95226
-0.223435	0.159944	9.95878
-0.223435	0.159944	9.96528
-0.225339	0.15969	9.97185
-0.225339	0.15969	9.97839
-0.225339	0.15969	9.98489
-0.225339	0.15969	9.99145
-0.225339	0.15969	9.99795
-0.225339	0.15969	10.0044
-0.225339	0.15969	10.011
-0.225339	0.15969	10.0175
-0.225339	0.15969	10.0239
-0.225339	0.15969	10.0305
-0.225339	0.15969	10.037
-0.225339	0.15969	10.0434
-0.225385	0.159409	10.0501
-0.225385	0.159409	10.0566
-0.225385	0.159409	10.0631
-0.225385	0.159409	10.0696
-0.225385	0.159409	10.0761
-0.225385	0.159409	10.0826
-0.225385	0.159409	10.0891
-0.225385	0.159409	10.0955
-0.225385	0.159409	10.1021
-0.225385	0.159409	10.1086
-0.225385	0.159409	10.1151
-0.225385	0.159409	10.1216
-0.226351	0.160751	10.1282
-0.226351	0.160751	10.1348
-0.226351	0.160751	10.1413
-0.226351	0.160751	10.1477
-0.226351	0.160751	10.1543
-0.226351	0.160751	10.1608
-0.226351	0.160751	10.1673
-0.226351	0.160751	10.1738
-0.226351	0.160751	10.1804
-0.226351	0.160751	10.1869
-0.226351	0.160751	10.1934
-0.226351	0.160751	10.2001
-0.227406	0.160623	10.2065
-0.227406	0.160623	10.213
-0.227406	0.160623	10.2195
-0.227406	0.160623	10.2259
-0.227406	0.160623	10.2323
-0.227406	0.160623	10.2388
-0.227406	0.160623	10.2453
-0.227406	0.160623	10.2518
-0.227406	0.160623	10.2582
-0.227406	0.160623	10.2647
-0.227406	0.160623	10.2712
-0.227406	0.160623	10.2777
-0.227406	0.160623	10.2842
-0.227513	0.161181	10.2907
-0.227513	0.161181	10.2972
-0.227513	0.161181	10.3036
-0.227513	0.161181	10.3102
-0.227513	0.161181	10.3167
-0.227513	0.161181	10.3232
-0.227513	0.161181	10.3296
-0.227513	0.161181	10.3362
-0.227513	0.161181	10.3427
-0.227513	0.161181	10.3493
-0.227513	0.161181	10.3558
-0.227513	0.161181	10.3623
-0.228376	0.161402	10.3689
-0.228376	0.161402	10.3755
-0.228376	0.161402	10.3821
-0.228376	0.161402	10.3886
-0.228376	0.161402	10.3951
-0.228376	0.161402	10.4018
-0.228376	0.161402	10.4083
-0.228376	0.161402	10.4148
-0.228376	0.161402	10.4214
-0.228376	0.161402	10.4279
-0.228376	0.161402	10.4344
-0.228376	0.161402	10.441
-0.2278	0.163055	10.4476
-0.2278	0.163055	10.4541
-0.2278	0.163055	10.4607
-0.2278	0.163055	10.4673
-0.2278	0.163055	10.4738
-0.2278	0.163055	10.4805
-0.2278	0.163055	10.487
-0.2278	0.163055	10.4936
-0.2278	0.163055	10.5002
-0.2278	0.163055	10.5068
-0.2278	0.163055	10.5133
-0.2278	0.163055	10.5199
-0.213935	0.186019	10.5265
-0.213935	0.186019	10.5329
-0.213935	0.186019	10.5395
-0.213935	0.186019	10.546
-0.213935	0.186019	10.5525
-0.213935	0.186019	10.5591
-0.213935	0.186019	10.5655
-0.213935	0.186019	10.5721
-0.213935	0.186019	10.5786
-0.213935	0.186019	10.5851
-0.213935	0.186019	10.5916
-0.213935	0.186019	10.5981
-0.213935	0.186019	10.6047
-0.256916	0.197133	10.6112
-0.256916	0.197133	10.6178
-0.256916	0.197133	10.6243
-0.256916	0.197133	10.6309
-0.256916	0.197133	10.6374
-0.256916	0.197133	10.6439
-0.256916	0.197133	10.6505
-0.256916	0.197133	10.657
-0.256916	0.197133	10.6635
-0.256916	0.197133	10.67
-0.256916	0.197133	10.6765
-0.256916	0.197133	10.683
-0.271537	0.212674	10.6895
-0.271537	0.212674	10.696
-0.271537	0.212674	10.7025
-0.271537	0.212674	10.709
-0.271537	0.212674	10.7155
-0.271537	0.212674	10.722
-0.271537	0.212674	10.7285
-0.271537	0.212674	10.735
-0.271537	0.212674	10.7415
-0.271537	0.212674	10.748
-0.271537	0.212674	10.7544
-0.271537	0.212674	10.761
-0.275096	0.210811	10.7675
-0.275096	0.210811	10.7739
-0.275096	0.210811	10.7803
-0.275096	0.210811	10.7868
-0.275096	0.210811	10.7933
-0.275096	0.210811	10.7998
-0.275096	0.210811	10.8062
-0.275096	0.210811	10.8126
-0.275096	0.210811	10.8191
-0.275096	0.210811	10.8257
-0.275096	0.210811	10.8323
-0.275096	0.210811	10.8388
-0.275096	0.210811	10.8454
-0.260925	0.218535	10.8519
-0.260925	0.218535	10.8585
-0.260925	0.218535	10.8649
-0.260925	0.218535	10.8714
-0.260925	0.218535	10.8779
-0.260925	0.218535	10.8844
-0.260925	0.218535	10.8909
-0.260925	0.218535	10.8974
-0.260925	0.218535	10.9038
-0.260925	0.218535	10.9103
-0.260925	0.218535	10.9168
-0.260925	0.218535	10.9233
-0.220922	0.209548	10.9298
-0.220922	0.209548	10.9363
-0.220922	0.209548	10.9429
-0.220922	0.209548	10.9494
-0.220922	0.209548	10.9558
-0.220922	0.209548	10.9622
-0.220922	0.209548	10.9688
-0.220922	0.209548	10.9753
-0.220922	0.209548	10.9818
-0.220922	0.209548	10.9883
-0.220922	0.209548	10.9948
-0.220922	0.209548	11.0013
-0.191616	0.204774	11.0078
-0.191616	0.204774	11.0142
-0.191616	0.204774	11.0207
-0.191616	0.204774	11.0273
-0.191616	0.204774	11.0339
-0.191616	0.204774	11.0405
-0.191616	0.204774	11.047
-0.191616	0.204774	11.0536
-0.191616	0.204774	11.0601
-0.191616	0.204774	11.0666
-0.191616	0.204774	11.0731
-0.191616	0.204774	11.0796
-0.174292	0.205694	11.0861
-0.174292	0.205694	11.0926
-0.174292	0.205694	11.0992
-0.174292	0.205694	11.1057
-0.174292	0.205694	11.1122
-0.174292	0.205694	11.1187
-0.174292	0.205694	11.1253
-0.174292	0.205694	11.1318
-0.174292	0.205694	11.1383
-0.174292	0.205694	11.1448
-0.174292	0.205694	11.1513
-0.174292	0.205694	11.1578
-0.174292	0.205694	11.1642
-0.18027	0.20356	11.1708
-0.18027	0.20356	11.1773
-0.18027	0.20356	11.1839
-0.18027	0.20356	11.1904
-0.18027	0.20356	11.1969
-0.18027	0.20356	11.2034
-0.18027	0.20356	11.21
-0.18027	0.20356	11.2164
-0.18027	0.20356	11.2228
-0.18027	0.20356	11.2293
-0.18027	0.20356	11.2358
-0.18027	0.20356	11.2423
-0.194158	0.204885	11.2488
-0.194158	0.204885	11.2552
-0.194158	0.204885	11.2617
-0.194158	0.204885	11.2681
-0.194158	0.204885	11.2746
-0.194158	0.204885	11.2812
-0.194158	0.204885	11.2876
-0.194158	0.204885	11.2941
-0.194158	0.204885	11.3007
-0.194158	0.204885	11.3072
-0.194158	0.204885	11.3137
-0.194158	0.204885	11.3202
-0.208161	0.208701	11.3267
-0.208161	0.208701	11.3333
-0.208161	0.208701	11.3398
-0.208161	0.208701	11.3463
-0.208161	0.208701	11.3528
-0.208161	0.208701	11.3593
-0.208161	0.208701	11.3657
-0.208161	0.208701	11.3721
-0.208161	0.208701	11.3787
-0.208161	0.208701	11.3852
-0.208161	0.208701	11.3918
-0.208161	0.208701	11.3983
-0.208161	0.208701	11.4049
-0.180535	0.205486	11.4114
-0.180535	0.205486	11.4179
-0.180535	0.205486	11.4245
-0.180535	0.205486	11.431
-0.180535	0.205486	11.4376
-0.180535	0.205486	11.4441
-0.180535	0.205486	11.4506
-0.180535	0.205486	11.4571
-0.180535	0.205486	11.4637
-0.180535	0.205486	11.4702
-0.180535	0.205486	11.4768
-0.180535	0.205486	11.4833
-0.184359	0.207341	11.4899
-0.184359	0.207341	11.4965
-0.184359	0.207341	11.5031
-0.184359	0.207341	11.5096
-0.184359	0.207341	11.5162
-0.184359	0.207341	11.5226
-0.184359	0.207341	11.5292
-0.184359	0.207341	11.5357
-0.184359	0.207341	11.5422
-0.184359	0.207341	11.5489
-0.184359	0.207341	11.5555
-0.184359	0.207341	11.562
-0.18294	0.207303	11.5686
-0.18294	0.207303	11.5751
-0.18294	0.207303	11.5817
-0.18294	0.207303	11.5882
-0.18294	0.207303	11.5947
-0.18294	0.207303	11.6013
-0.18294	0.207303	11.6079
-0.18294	0.207303	11.6144
-0.18294	0.207303	11.6209
-0.18294	0.207303	11.6273
-0.18294	0.207303	11.6338
-0.18294	0.207303	11.6402
-0.176678	0.208891	11.6467
-0.176678	0.208891	11.6531
-0.176678	0.208891	11.6596
-0.176678	0.208891	11.6661
-0.176678	0.208891	11.6726
-0.176678	0.208891	11.6791
-0.176678	0.208891	11.6856
-0.176678	0.208891	11.6921
-0.176678	0.208891	11.6986
-0.176678	0.208891	11.7052
-0.176678	0.208891	11.7118
-0.176678	0.208891	11.7183
-0.176678	0.208891	11.7248
-0.176353	0.209416	11.7313
-0.176353	0.209416	11.7379
-0.176353	0.209416	11.7443
-0.176353	0.209416	11.7509
-0.176353	0.209416	11.7573
-0.176353	0.209416	11.7638
-0.176353	0.209416	11.7703
-0.176353	0.209416	11.7768
-0.176353	0.209416	11.7834
-0.176353	0.209416	11.7899
-0.176353	0.209416	11.7963
-0.176353	0.209416	11.8028
-0.177056	0.209417	11.8094
-0.177056	0.209417	11.8159
-0.177056	0.209417	11.8225
-0.177056	0.209417	11.829
-0.177056	0.209417	11.8356
-0.177056	0.209417	11.842
-0.177056	0.209417	11.8485
-0.177056	0.209417	11.8551
-0.177056	0.209417	11.8616
-0.177056	0.209417	11.868
-0.177056	0.209417	11.8745
-0.177056	0.209417	11.881
-0.178321	0.20953	11.8874
-0.178321	0.20953	11.894
-0.178321	0.20953	11.9005
-0.178321	0.20953	11.907
-0.178321	0.20953	11.9136
-0.178321	0.20953	11.9202
-0.178321	0.20953	11.9268
-0.178321	0.20953	11.9333
-0.178321	0.20953	11.9398
-0.178321	0.20953	11.9464
-0.178321	0.20953	11.9531
-0.178321	0.20953	11.9596
-0.178932	0.209629	11.9662
-0.178932	0.209629	11.9727
-0.178932	0.209629	11.9792
-0.178932	0.209629	11.9856
-0.178932	0.209629	11.992
-0.178932	0.209629	11.9985
