1.68833	-0.910452	0.0066
1.68833	-0.910452	0.015103
1.68833	-0.910452	0.023805
1.68833	-0.910452	0.032397
1.68833	-0.910452	0.040973
1.68833	-0.910452	0.049692
1.68833	-0.910452	0.058275
1.68833	-0.910452	0.066934
1.68833	-0.910452	0.075511
1.68833	-0.910452	0.084164
1.68833	-0.910452	0.092684
1.68833	-0.910452	0.101252
1.68833	-0.910452	0.109874
1.68833	-0.910452	0.118344
1.68833	-0.910452	0.126812
0.00534614	-0.00521945	0.135421
0.00534614	-0.00521945	0.144096
0.00534614	-0.00521945	0.152682
0.00534614	-0.00521945	0.161333
0.00534614	-0.00521945	0.169737
0.00534614	-0.00521945	0.178258
0.00534614	-0.00521945	0.186875
0.00534614	-0.00521945	0.195309
0.00534614	-0.00521945	0.203791
0.00378295	-0.0243727	0.212241
0.00378295	-0.0243727	0.220714
0.00378295	-0.0243727	0.229182
0.00378295	-0.0243727	0.237516
0.00378295	-0.0243727	0.24586
0.00378295	-0.0243727	0.254172
0.00378295	-0.0243727	0.262699
0.00378295	-0.0243727	0.27118
0.00378295	-0.0243727	0.27955
-0.153939	0.0832298	0.287988
-0.153939	0.0832298	0.296401
-0.153939	0.0832298	0.304782
-0.153939	0.0832298	0.313139
-0.153939	0.0832298	0.321633
-0.153939	0.0832298	0.330108
-0.153939	0.0832298	0.3386
-0.153939	0.0832298	0.347047
-0.153939	0.0832298	0.35547
-0.153939	0.0832298	0.363845
-0.353165	0.269806	0.372306
-0.353165	0.269806	0.380762
-0.353165	0.269806	0.389158
-0.353165	0.269806	0.397772
-0.353165	0.269806	0.406336
-0.353165	0.269806	0.414768
-0.353165	0.269806	0.423246
-0.353165	0.269806	0.431819
-0.353165	0.269806	0.440255
-0.441293	0.377733	0.448683
-0.441293	0.377733	0.457047
-0.441293	0.377733	0.465403
-0.441293	0.377733	0.473817
-0.441293	0.377733	0.482209
-0.441293	0.377733	0.490674
-0.441293	0.377733	0.499082
-0.441293	0.377733	0.507538
-0.441293	0.377733	0.516094
-0.441293	0.377733	0.524461
-0.536	0.422905	0.532919
-0.536	0.422905	0.541406
-0.536	0.422905	0.549778
-0.536	0.422905	0.558241
-0.536	0.422905	0.566875
-0.536	0.422905	0.575264
-0.536	0.422905	0.5837
-0.536	0.422905	0.592128
-0.536	0.422905	0.600796
-0.454383	0.388354	0.60926
-0.454383	0.388354	0.617624
-0.454383	0.388354	0.626021
-0.454383	0.388354	0.634464
-0.454383	0.388354	0.642918
-0.454383	0.388354	0.651268
-0.454383	0.388354	0.65973
-0.454383	0.388354	0.668168
-0.454383	0.388354	0.676574
-0.454383	0.388354	0.684967
-0.402817	0.298129	0.693377
-0.402817	0.298129	0.701773
-0.402817	0.298129	0.710095
-0.402817	0.298129	0.718449
-0.402817	0.298129	0.726841
-0.402817	0.298129	0.735319
-0.402817	0.298129	0.74384
-0.402817	0.298129	0.752599
-0.402817	0.298129	0.760928
-0.340167	0.260614	0.76921
-0.340167	0.260614	0.777576
-0.340167	0.260614	0.786002
-0.340167	0.260614	0.794428
-0.340167	0.260614	0.802856
-0.340167	0.260614	0.81127
-0.340167	0.260614	0.819792
-0.340167	0.260614	0.828399
-0.340167	0.260614	0.836984
-0.340167	0.260614	0.845596
-0.370583	0.254275	0.854051
-0.370583	0.254275	0.8627
-0.370583	0.254275	0.871182
-0.370583	0.254275	0.879583
-0.370583	0.254275	0.888287
-0.370583	0.254275	0.896675
-0.370583	0.254275	0.905167
-0.370583	0.254275	0.913605
-0.370583	0.254275	0.922169
-0.390578	0.262404	0.930678
-0.390578	0.262404	0.939141
-0.390578	0.262404	0.947438
-0.390578	0.262404	0.955787
-0.390578	0.262404	0.964414
-0.390578	0.262404	0.972818
-0.390578	0.262404	0.981153
-0.390578	0.262404	0.989712
-0.390578	0.262404	0.9981
-0.390578	0.262404	1.00656
-0.388007	0.262205	1.01498
-0.388007	0.262205	1.02336
-0.388007	0.262205	1.03183
-0.388007	0.262205	1.04022
-0.388007	0.262205	1.0486
-0.388007	0.262205	1.05691
-0.388007	0.262205	1.06533
-0.388007	0.262205	1.07389
-0.388007	0.262205	1.08241
-0.285081	0.241414	1.09095
-0.285081	0.241414	1.0994
-0.285081	0.241414	1.10786
-0.285081	0.241414	1.11623
-0.285081	0.241414	1.12452
-0.285081	0.241414	1.13294
-0.285081	0.241414	1.1414
-0.285081	0.241414	1.14976
-0.285081	0.241414	1.15809
-0.285081	0.241414	1.16655
-0.219149	0.216601	1.17485
-0.219149	0.216601	1.18332
-0.219149	0.216601	1.19176
-0.219149	0.216601	1.20033
-0.219149	0.216601	1.20882
-0.219149	0.216601	1.21728
-0.219149	0.216601	1.22558
-0.219149	0.216601	1.23393
-0.219149	0.216601	1.24242
-0.166291	0.211289	1.25093
-0.166291	0.211289	1.25949
-0.166291	0.211289	1.26796
-0.166291	0.211289	1.27642
-0.166291	0.211289	1.2849
-0.166291	0.211289	1.2934
-0.166291	0.211289	1.30193
-0.166291	0.211289	1.31041
-0.166291	0.211289	1.31895
-0.160307	0.20592	1.3274
-0.160307	0.20592	1.33586
-0.160307	0.20592	1.3443
-0.160307	0.20592	1.35281
-0.160307	0.20592	1.36136
-0.160307	0.20592	1.36987
-0.160307	0.20592	1.37819
-0.160307	0.20592	1.38656
-0.160307	0.20592	1.39496
-0.160307	0.20592	1.40347
-0.153357	0.217683	1.41197
-0.153357	0.217683	1.4203
-0.153357	0.217683	1.42878
-0.153357	0.217683	1.43744
-0.153357	0.217683	1.44584
-0.153357	0.217683	1.45423
-0.153357	0.217683	1.46324
-0.153357	0.217683	1.47157
-0.153357	0.217683	1.48003
-0.160892	0.226567	1.48836
-0.160892	0.226567	1.49692
-0.160892	0.226567	1.50541
-0.160892	0.226567	1.51382
-0.160892	0.226567	1.52229
-0.160892	0.226567	1.5308
-0.160892	0.226567	1.53931
-0.160892	0.226567	1.54769
-0.160892	0.226567	1.55612
-0.160892	0.226567	1.56451
-0.118447	0.279238	1.57302
-0.118447	0.279238	1.5816
-0.118447	0.279238	1.5899
-0.118447	0.279238	1.59827
-0.118447	0.279238	1.60655
-0.118447	0.279238	1.61525
-0.118447	0.279238	1.62369
-0.118447	0.279238	1.63225
-0.118447	0.279238	1.64077
-0.0202194	0.436906	1.64924
-0.0202194	0.436906	1.65767
-0.0202194	0.436906	1.66622
-0.0202194	0.436906	1.67471
-0.0202194	0.436906	1.68301
-0.0202194	0.436906	1.69151
-0.0202194	0.436906	1.69992
-0.0202194	0.436906	1.70836
-0.0202194	0.436906	1.71679
-0.0202194	0.436906	1.72529
-0.000809133	0.492187	1.73359
-0.000809133	0.492187	1.74222
-0.000809133	0.492187	1.75066
-0.000809133	0.492187	1.75908
-0.000809133	0.492187	1.76747
-0.000809133	0.492187	1.77592
-0.000809133	0.492187	1.78442
-0.000809133	0.492187	1.79291
-0.000809133	0.492187	1.80137
-4.93433e-05	0.503986	1.80978
-4.93433e-05	0.503986	1.81833
-4.93433e-05	0.503986	1.82671
-4.93433e-05	0.503986	1.83517
-4.93433e-05	0.503986	1.84369
-4.93433e-05	0.503986	1.85227
-4.93433e-05	0.503986	1.86061
-4.93433e-05	0.503986	1.86912
-4.93433e-05	0.503986	1.87757
-4.93433e-05	0.503986	1.88592
0.0329433	0.45819	1.89434
0.0329433	0.45819	1.90283
0.0329433	0.45819	1.91115
0.0329433	0.45819	1.9195
0.0329433	0.45819	1.92794
0.0329433	0.45819	1.93625
0.0329433	0.45819	1.94474
0.0329433	0.45819	1.95322
0.0329433	0.45819	1.96158
0.0137192	0.467869	1.97004
0.0137192	0.467869	1.97858
0.0137192	0.467869	1.98696
0.0137192	0.467869	1.99538
0.0137192	0.467869	2.00393
0.0137192	0.467869	2.01238
0.0137192	0.467869	2.02077
0.0137192	0.467869	2.02929
0.0137192	0.467869	2.03756
0.0137192	0.467869	2.04589
-0.0397572	0.50381	2.05427
-0.0397572	0.50381	2.06271
-0.0397572	0.50381	2.07114
-0.0397572	0.50381	2.07954
-0.0397572	0.50381	2.08793
-0.0397572	0.50381	2.09631
-0.0397572	0.50381	2.1048
-0.0397572	0.50381	2.11319
-0.0397572	0.50381	2.12171
-0.0405545	0.500672	2.13006
-0.0405545	0.500672	2.13852
-0.0405545	0.500672	2.14708
-0.0405545	0.500672	2.15545
-0.0405545	0.500672	2.16402
-0.0405545	0.500672	2.17243
-0.0405545	0.500672	2.18097
-0.0405545	0.500672	2.18956
-0.0405545	0.500672	2.19818
-0.0405545	0.500672	2.20679
-0.0374525	0.494817	2.21525
-0.0374525	0.494817	2.22368
-0.0374525	0.494817	2.23221
-0.0374525	0.494817	2.24071
-0.0374525	0.494817	2.24927
-0.0374525	0.494817	2.25766
-0.0374525	0.494817	2.26611
-0.0374525	0.494817	2.27454
-0.0374525	0.494817	2.28317
-0.0179956	0.467845	2.29174
-0.0179956	0.467845	2.30027
-0.0179956	0.467845	2.30879
-0.0179956	0.467845	2.31745
-0.0179956	0.467845	2.32605
-0.0179956	0.467845	2.33449
-0.0179956	0.467845	2.34311
-0.0179956	0.467845	2.35149
-0.0179956	0.467845	2.35994
0.000878227	0.453047	2.36847
0.000878227	0.453047	2.37684
0.000878227	0.453047	2.38532
0.000878227	0.453047	2.39384
0.000878227	0.453047	2.40226
0.000878227	0.453047	2.41065
0.000878227	0.453047	2.41902
0.000878227	0.453047	2.42744
0.000878227	0.453047	2.43594
0.000878227	0.453047	2.44433
0.00469005	0.447596	2.45282
0.00469005	0.447596	2.46126
0.00469005	0.447596	2.46959
0.00469005	0.447596	2.47791
0.00469005	0.447596	2.48637
0.00469005	0.447596	2.49483
0.00469005	0.447596	2.50323
0.00469005	0.447596	2.51173
0.00469005	0.447596	2.52019
-0.000613054	0.452821	2.52857
-0.000613054	0.452821	2.53691
-0.000613054	0.452821	2.54537
-0.000613054	0.452821	2.55391
-0.000613054	0.452821	2.56227
-0.000613054	0.452821	2.57064
-0.000613054	0.452821	2.57905
-0.000613054	0.452821	2.58747
-0.000613054	0.452821	2.5958
-0.000613054	0.452821	2.60421
-0.0107352	0.474172	2.6126
-0.0107352	0.474172	2.62093
-0.0107352	0.474172	2.62932
-0.0107352	0.474172	2.63761
-0.0107352	0.474172	2.64591
-0.0107352	0.474172	2.65426
-0.0107352	0.474172	2.66281
-0.0107352	0.474172	2.67136
-0.0107352	0.474172	2.67974
-0.00552413	0.492399	2.68804
-0.00552413	0.492399	2.69647
-0.00552413	0.492399	2.70496
-0.00552413	0.492399	2.71343
-0.00552413	0.492399	2.72184
-0.00552413	0.492399	2.73031
-0.00552413	0.492399	2.73865
-0.00552413	0.492399	2.74697
-0.00552413	0.492399	2.75533
-0.00552413	0.492399	2.76367
0.00342825	0.518853	2.77219
0.00342825	0.518853	2.7806
0.00342825	0.518853	2.78893
0.00342825	0.518853	2.79729
0.00342825	0.518853	2.80555
0.00342825	0.518853	2.81383
0.00342825	0.518853	2.82242
0.00342825	0.518853	2.831
0.00342825	0.518853	2.83938
-0.00471045	0.518699	2.84783
-0.00471045	0.518699	2.85642
-0.00471045	0.518699	2.86484
-0.00471045	0.518699	2.87326
-0.00471045	0.518699	2.8819
-0.00471045	0.518699	2.89041
-0.00471045	0.518699	2.89873
-0.00471045	0.518699	2.90708
-0.00471045	0.518699	2.91546
-0.00471045	0.518699	2.92376
-0.0047336	0.518113	2.93217
-0.0047336	0.518113	2.94055
-0.0047336	0.518113	2.94904
-0.0047336	0.518113	2.95762
-0.0047336	0.518113	2.96592
-0.0047336	0.518113	2.97436
-0.0047336	0.518113	2.98288
-0.0047336	0.518113	2.99125
-0.0047336	0.518113	2.99967
-0.0047366	0.51688	3.00798
-0.0047366	0.51688	3.01638
-0.0047366	0.51688	3.02486
-0.0047366	0.51688	3.03331
-0.0047366	0.51688	3.04179
-0.0047366	0.51688	3.0502
-0.0047366	0.51688	3.05852
-0.0047366	0.51688	3.067
-0.0047366	0.51688	3.07551
-0.0047366	0.51688	3.08396
-0.00512331	0.517494	3.09242
-0.00512331	0.517494	3.101
-0.00512331	0.517494	3.10931
-0.00512331	0.517494	3.11799
-0.00512331	0.517494	3.12654
-0.00512331	0.517494	3.13495
-0.00512331	0.517494	3.14342
-0.00512331	0.517494	3.15187
-0.00512331	0.517494	3.16036
-0.00525628	0.5176	3.1688
-0.00525628	0.5176	3.1771
-0.00525628	0.5176	3.18564
-0.00525628	0.5176	3.19401
-0.00525628	0.5176	3.2025
-0.00525628	0.5176	3.211
-0.00525628	0.5176	3.2194
-0.00525628	0.5176	3.22804
-0.00525628	0.5176	3.23643
-0.00525628	0.5176	3.24492
-0.00534373	0.51736	3.25341
-0.00534373	0.51736	3.26175
-0.00534373	0.51736	3.27029
-0.00534373	0.51736	3.27877
-0.00534373	0.51736	3.28709
-0.00534373	0.51736	3.2956
-0.00534373	0.51736	3.30403
-0.00534373	0.51736	3.31247
-0.00534373	0.51736	3.32085
-0.00557216	0.516844	3.32914
-0.00557216	0.516844	3.33757
-0.00557216	0.516844	3.34593
-0.00557216	0.516844	3.35432
-0.00557216	0.516844	3.36282
-0.00557216	0.516844	3.37131
-0.00557216	0.516844	3.37969
-0.00557216	0.516844	3.38821
-0.00557216	0.516844	3.39653
-0.00557216	0.516844	3.405
-0.0184839	0.511386	3.41345
-0.0184839	0.511386	3.42192
-0.0184839	0.511386	3.43054
-0.0184839	0.511386	3.43891
-0.0184839	0.511386	3.44749
-0.0184839	0.511386	3.45608
-0.0184839	0.511386	3.46459
-0.0184839	0.511386	3.47301
-0.0184839	0.511386	3.48137
-0.0092063	0.524716	3.4898
-0.0092063	0.524716	3.49829
-0.0092063	0.524716	3.50669
-0.0092063	0.524716	3.51511
-0.0092063	0.524716	3.52354
-0.0092063	0.524716	3.53201
-0.0092063	0.524716	3.54049
-0.0092063	0.524716	3.54901
-0.0092063	0.524716	3.55745
-0.0092063	0.524716	3.56578
-0.0209999	0.546171	3.5742
-0.0209999	0.546171	3.58263
-0.0209999	0.546171	3.59109
-0.0209999	0.546171	3.59949
-0.0209999	0.546171	3.60782
-0.0209999	0.546171	3.61623
-0.0209999	0.546171	3.62464
-0.0209999	0.546171	3.63312
-0.0209999	0.546171	3.64153
-0.0269969	0.554673	3.65011
-0.0269969	0.554673	3.65868
-0.0269969	0.554673	3.66714
-0.0269969	0.554673	3.6756
-0.0269969	0.554673	3.68408
-0.0269969	0.554673	3.69248
-0.0269969	0.554673	3.70088
-0.0269969	0.554673	3.70928
-0.0269969	0.554673	3.71763
-0.0269969	0.554673	3.72599
-0.0270739	0.560149	3.73438
-0.0270739	0.560149	3.74278
-0.0270739	0.560149	3.75113
-0.0270739	0.560149	3.75944
-0.0270739	0.560149	3.76801
-0.0270739	0.560149	3.77642
-0.0270739	0.560149	3.78486
-0.0270739	0.560149	3.7937
-0.0270739	0.560149	3.80215
-0.01024	0.560619	3.81044
-0.01024	0.560619	3.8189
-0.01024	0.560619	3.82729
-0.01024	0.560619	3.83574
-0.01024	0.560619	3.8441
-0.01024	0.560619	3.85251
-0.01024	0.560619	3.86085
-0.01024	0.560619	3.86946
-0.01024	0.560619	3.87789
-0.01024	0.560619	3.88618
0.00943416	0.511788	3.89468
0.00943416	0.511788	3.90311
0.00943416	0.511788	3.91141
0.00943416	0.511788	3.9199
0.00943416	0.511788	3.92833
0.00943416	0.511788	3.93665
0.00943416	0.511788	3.94527
0.00943416	0.511788	3.9538
0.00943416	0.511788	3.96205
0.0124997	0.511667	3.97056
0.0124997	0.511667	3.97913
0.0124997	0.511667	3.98766
0.0124997	0.511667	3.99609
0.0124997	0.511667	4.0046
0.0124997	0.511667	4.01299
0.0124997	0.511667	4.02147
0.0124997	0.511667	4.03001
0.0124997	0.511667	4.03838
0.0124997	0.511667	4.04692
-0.00646163	0.528617	4.05547
-0.00646163	0.528617	4.06399
-0.00646163	0.528617	4.0724
-0.00646163	0.528617	4.08082
-0.00646163	0.528617	4.08924
-0.00646163	0.528617	4.09769
-0.00646163	0.528617	4.10606
-0.00646163	0.528617	4.11449
-0.00646163	0.528617	4.12297
-0.0066281	0.524529	4.13136
-0.0066281	0.524529	4.13975
-0.0066281	0.524529	4.14806
-0.0066281	0.524529	4.15643
-0.0066281	0.524529	4.16474
-0.0066281	0.524529	4.17317
-0.0066281	0.524529	4.18166
-0.0066281	0.524529	4.18999
-0.0066281	0.524529	4.19864
0.00255157	0.513354	4.20724
0.00255157	0.513354	4.21579
0.00255157	0.513354	4.22425
0.00255157	0.513354	4.23275
0.00255157	0.513354	4.24123
0.00255157	0.513354	4.24969
0.00255157	0.513354	4.25801
0.00255157	0.513354	4.26639
0.00255157	0.513354	4.27474
0.00255157	0.513354	4.28328
0.00616856	0.528235	4.29181
0.00616856	0.528235	4.30022
0.00616856	0.528235	4.30881
0.00616856	0.528235	4.31741
0.00616856	0.528235	4.3259
0.00616856	0.528235	4.33433
0.00616856	0.528235	4.34296
0.00616856	0.528235	4.35144
0.00616856	0.528235	4.35994
0.0202037	0.568459	4.36836
0.0202037	0.568459	4.37684
0.0202037	0.568459	4.38538
0.0202037	0.568459	4.39379
0.0202037	0.568459	4.40225
0.0202037	0.568459	4.41063
0.0202037	0.568459	4.41908
0.0202037	0.568459	4.42762
0.0202037	0.568459	4.43598
0.0202037	0.568459	4.44435
0.0120549	0.559403	4.45278
0.0120549	0.559403	4.46125
0.0120549	0.559403	4.46954
0.0120549	0.559403	4.47795
0.0120549	0.559403	4.48644
0.0120549	0.559403	4.49489
0.0120549	0.559403	4.50332
0.0120549	0.559403	4.5118
0.0120549	0.559403	4.5201
0.0142501	0.557696	4.5285
0.0142501	0.557696	4.53684
0.0142501	0.557696	4.54543
0.0142501	0.557696	4.55401
0.0142501	0.557696	4.56245
0.0142501	0.557696	4.57086
0.0142501	0.557696	4.57944
0.0142501	0.557696	4.58777
0.0142501	0.557696	4.59614
0.0142501	0.557696	4.60454
0.0136447	0.556376	4.61311
0.0136447	0.556376	4.62161
0.0136447	0.556376	4.63007
0.0136447	0.556376	4.63836
0.0136447	0.556376	4.64672
0.0136447	0.556376	4.65523
0.0136447	0.556376	4.66379
0.0136447	0.556376	4.67215
0.0136447	0.556376	4.68066
0.0133417	0.556829	4.68902
0.0133417	0.556829	4.69747
0.0133417	0.556829	4.70587
0.0133417	0.556829	4.71423
0.0133417	0.556829	4.72281
0.0133417	0.556829	4.73127
0.0133417	0.556829	4.73962
0.0133417	0.556829	4.74814
0.0133417	0.556829	4.75646
0.0133417	0.556829	4.76497
0.0129669	0.556483	4.77333
0.0129669	0.556483	4.78176
0.0129669	0.556483	4.79021
0.0129669	0.556483	4.7986
0.0129669	0.556483	4.80704
0.0129669	0.556483	4.81547
0.0129669	0.556483	4.82383
0.0129669	0.556483	4.83221
0.0129669	0.556483	4.84058
0.0126232	0.556237	4.84898
0.0126232	0.556237	4.85744
0.0126232	0.556237	4.8659
0.0126232	0.556237	4.87423
0.0126232	0.556237	4.88265
0.0126232	0.556237	4.89108
0.0126232	0.556237	4.89945
0.0126232	0.556237	4.90783
0.0126232	0.556237	4.9162
0.0126232	0.556237	4.92466
0.0152291	0.536284	4.93321
0.0152291	0.536284	4.94171
0.0152291	0.536284	4.95018
0.0152291	0.536284	4.9587
0.0152291	0.536284	4.96702
0.0152291	0.536284	4.97552
0.0152291	0.536284	4.98394
0.0152291	0.536284	4.99242
0.0152291	0.536284	5.00081
-0.00216858	0.509566	5.00914
-0.00216858	0.509566	5.01751
-0.00216858	0.509566	5.02591
-0.00216858	0.509566	5.03444
-0.00216858	0.509566	5.04306
-0.00216858	0.509566	5.05166
-0.00216858	0.509566	5.06015
-0.00216858	0.509566	5.06869
-0.00216858	0.509566	5.07712
-0.00216858	0.509566	5.08572
-0.0135013	0.514157	5.0942
-0.0135013	0.514157	5.10283
-0.0135013	0.514157	5.11142
-0.0135013	0.514157	5.11996
-0.0135013	0.514157	5.12828
-0.0135013	0.514157	5.13674
-0.0135013	0.514157	5.14523
-0.0135013	0.514157	5.15357
-0.0135013	0.514157	5.16201
-0.0172936	0.523555	5.17058
-0.0172936	0.523555	5.17893
-0.0172936	0.523555	5.18734
-0.0172936	0.523555	5.19598
-0.0172936	0.523555	5.20437
-0.0172936	0.523555	5.21289
-0.0172936	0.523555	5.22136
-0.0172936	0.523555	5.22983
-0.0172936	0.523555	5.23832
-0.0172936	0.523555	5.24674
-0.0367888	0.531038	5.25517
-0.0367888	0.531038	5.2637
-0.0367888	0.531038	5.27218
-0.0367888	0.531038	5.28062
-0.0367888	0.531038	5.28905
-0.0367888	0.531038	5.29754
-0.0367888	0.531038	5.3061
-0.0367888	0.531038	5.31462
-0.0367888	0.531038	5.32304
-0.0352736	0.542763	5.33146
-0.0352736	0.542763	5.33997
-0.0352736	0.542763	5.34827
-0.0352736	0.542763	5.35653
-0.0352736	0.542763	5.36495
-0.0352736	0.542763	5.37334
-0.0352736	0.542763	5.38185
-0.0352736	0.542763	5.39031
-0.0352736	0.542763	5.39866
-0.0352736	0.542763	5.40719
0.0055917	0.519778	5.41561
0.0055917	0.519778	5.42407
0.0055917	0.519778	5.43246
0.0055917	0.519778	5.4409
0.0055917	0.519778	5.44941
0.0055917	0.519778	5.45785
0.0055917	0.519778	5.46624
0.0055917	0.519778	5.47511
0.0055917	0.519778	5.48349
0.0328119	0.512696	5.49193
0.0328119	0.512696	5.5004
0.0328119	0.512696	5.50891
0.0328119	0.512696	5.51736
0.0328119	0.512696	5.52591
0.0328119	0.512696	5.53428
0.0328119	0.512696	5.54269
0.0328119	0.512696	5.55104
0.0328119	0.512696	5.55934
0.0325039	0.511832	5.56788
0.0325039	0.511832	5.57627
0.0325039	0.511832	5.58481
0.0325039	0.511832	5.59335
0.0325039	0.511832	5.60185
0.0325039	0.511832	5.61025
0.0325039	0.511832	5.61876
0.0325039	0.511832	5.62727
0.0325039	0.511832	5.63596
0.0325039	0.511832	5.64467
0.0298237	0.512365	5.65319
0.0298237	0.512365	5.6617
0.0298237	0.512365	5.67037
0.0298237	0.512365	5.67872
0.0298237	0.512365	5.68708
0.0298237	0.512365	5.69557
0.0298237	0.512365	5.70403
0.0298237	0.512365	5.71245
0.0298237	0.512365	5.72087
-0.0164814	0.534623	5.72926
-0.0164814	0.534623	5.73773
-0.0164814	0.534623	5.74612
-0.0164814	0.534623	5.75472
-0.0164814	0.534623	5.76308
-0.0164814	0.534623	5.77146
-0.0164814	0.534623	5.77976
-0.0164814	0.534623	5.78804
-0.0164814	0.534623	5.79632
-0.0164814	0.534623	5.80468
-0.0185497	0.574015	5.81309
-0.0185497	0.574015	5.82148
-0.0185497	0.574015	5.82991
-0.0185497	0.574015	5.83836
-0.0185497	0.574015	5.84677
-0.0185497	0.574015	5.85516
-0.0185497	0.574015	5.86374
-0.0185497	0.574015	5.87215
-0.0185497	0.574015	5.88053
-0.0209269	0.579611	5.88886
-0.0209269	0.579611	5.89723
-0.0209269	0.579611	5.9056
-0.0209269	0.579611	5.91396
-0.0209269	0.579611	5.92238
-0.0209269	0.579611	5.93074
-0.0209269	0.579611	5.93911
-0.0209269	0.579611	5.94745
-0.0209269	0.579611	5.9558
-0.0209269	0.579611	5.9642
-0.0212601	0.578699	5.97253
-0.0212601	0.578699	5.981
-0.0212601	0.578699	5.98952
-0.0212601	0.578699	5.99807
-0.0212601	0.578699	6.00644
-0.0212601	0.578699	6.01489
-0.0212601	0.578699	6.02327
-0.0212601	0.578699	6.03168
-0.0212601	0.578699	6.04006
-0.0212425	0.579207	6.04836
-0.0212425	0.579207	6.05669
-0.0212425	0.579207	6.06522
-0.0212425	0.579207	6.07364
-0.0212425	0.579207	6.0821
-0.0212425	0.579207	6.09054
-0.0212425	0.579207	6.0991
-0.0212425	0.579207	6.10746
-0.0212425	0.579207	6.11584
-0.0212425	0.579207	6.12428
-0.0208868	0.578824	6.13273
-0.0208868	0.578824	6.14112
-0.0208868	0.578824	6.1496
-0.0208868	0.578824	6.15796
-0.0208868	0.578824	6.16627
-0.0208868	0.578824	6.17475
-0.0208868	0.578824	6.18319
-0.0208868	0.578824	6.19151
-0.0208868	0.578824	6.20009
-0.0210544	0.578949	6.20872
-0.0210544	0.578949	6.21721
-0.0210544	0.578949	6.22578
-0.0210544	0.578949	6.23425
-0.0210544	0.578949	6.24276
-0.0210544	0.578949	6.25132
-0.0210544	0.578949	6.25979
-0.0210544	0.578949	6.26821
-0.0210544	0.578949	6.27657
-0.0210544	0.578949	6.28496
-0.02125	0.578851	6.29338
-0.02125	0.578851	6.30185
-0.02125	0.578851	6.31028
-0.02125	0.578851	6.31875
-0.02125	0.578851	6.32709
-0.02125	0.578851	6.3357
-0.02125	0.578851	6.34429
-0.02125	0.578851	6.35265
-0.02125	0.578851	6.36104
-0.0211877	0.578629	6.3694
-0.0211877	0.578629	6.37783
-0.0211877	0.578629	6.38625
-0.0211877	0.578629	6.39465
-0.0211877	0.578629	6.40318
-0.0211877	0.578629	6.41166
-0.0211877	0.578629	6.42015
-0.0211877	0.578629	6.42879
-0.0211877	0.578629	6.43743
-0.0211877	0.578629	6.44604
-0.0212944	0.578326	6.45457
-0.0212944	0.578326	6.46303
-0.0212944	0.578326	6.4714
-0.0212944	0.578326	6.47978
-0.0212944	0.578326	6.48811
-0.0212944	0.578326	6.49653
-0.0212944	0.578326	6.50501
-0.0212944	0.578326	6.51337
-0.0212944	0.578326	6.5218
-0.0242215	0.566327	6.53022
-0.0242215	0.566327	6.53864
-0.0242215	0.566327	6.54707
-0.0242215	0.566327	6.55556
-0.0242215	0.566327	6.56402
-0.0242215	0.566327	6.57242
-0.0242215	0.566327	6.58078
-0.0242215	0.566327	6.58913
-0.0242215	0.566327	6.59743
-0.0242215	0.566327	6.60577
-0.0242005	0.568822	6.61413
-0.0242005	0.568822	6.62255
-0.0242005	0.568822	6.63091
-0.0242005	0.568822	6.63933
-0.0242005	0.568822	6.64761
-0.0242005	0.568822	6.65605
-0.0242005	0.568822	6.66443
-0.0242005	0.568822	6.67291
-0.0242005	0.568822	6.68149
-0.0343105	0.582882	6.68986
-0.0343105	0.582882	6.69843
-0.0343105	0.582882	6.70676
-0.0343105	0.582882	6.71523
-0.0343105	0.582882	6.72367
-0.0343105	0.582882	6.73208
-0.0343105	0.582882	6.74044
-0.0343105	0.582882	6.74889
-0.0343105	0.582882	6.75741
-0.0343105	0.582882	6.76592
-0.0461818	0.590484	6.77432
-0.0461818	0.590484	6.78272
-0.0461818	0.590484	6.7911
-0.0461818	0.590484	6.79938
-0.0461818	0.590484	6.80786
-0.0461818	0.590484	6.81627
-0.0461818	0.590484	6.8247
-0.0461818	0.590484	6.83311
-0.0461818	0.590484	6.8415
-0.0584687	0.593782	6.84995
-0.0584687	0.593782	6.85844
-0.0584687	0.593782	6.86697
-0.0584687	0.593782	6.8755
-0.0584687	0.593782	6.88393
-0.0584687	0.593782	6.8924
-0.0584687	0.593782	6.90084
-0.0584687	0.593782	6.90923
-0.0584687	0.593782	6.91752
-0.0584687	0.593782	6.92585
-0.0333807	0.603573	6.93416
-0.0333807	0.603573	6.94259
-0.0333807	0.603573	6.95113
-0.0333807	0.603573	6.95953
-0.0333807	0.603573	6.96796
-0.0333807	0.603573	6.97628
-0.0333807	0.603573	6.98481
-0.0333807	0.603573	6.99345
-0.0333807	0.603573	7.0023
-0.0371916	0.606873	7.01088
-0.0371916	0.606873	7.01928
-0.0371916	0.606873	7.02761
-0.0371916	0.606873	7.03611
-0.0371916	0.606873	7.04476
-0.0371916	0.606873	7.05324
-0.0371916	0.606873	7.06173
-0.0371916	0.606873	7.07026
-0.0371916	0.606873	7.07864
-0.0371916	0.606873	7.08717
-0.00540893	0.615513	7.09563
-0.00540893	0.615513	7.10421
-0.00540893	0.615513	7.11273
-0.00540893	0.615513	7.12119
-0.00540893	0.615513	7.12962
-0.00540893	0.615513	7.13797
-0.00540893	0.615513	7.14639
-0.00540893	0.615513	7.15479
-0.00540893	0.615513	7.16316
-0.00780574	0.614468	7.17168
-0.00780574	0.614468	7.18031
-0.00780574	0.614468	7.18882
-0.00780574	0.614468	7.19727
-0.00780574	0.614468	7.20579
-0.00780574	0.614468	7.21441
-0.00780574	0.614468	7.22296
-0.00780574	0.614468	7.23143
-0.00780574	0.614468	7.23993
-0.00928559	0.612083	7.24828
-0.00928559	0.612083	7.25675
-0.00928559	0.612083	7.26534
-0.00928559	0.612083	7.27379
-0.00928559	0.612083	7.28226
-0.00928559	0.612083	7.29077
-0.00928559	0.612083	7.29912
-0.00928559	0.612083	7.30759
-0.00928559	0.612083	7.31605
-0.00928559	0.612083	7.32448
-0.0632734	0.60739	7.33306
-0.0632734	0.60739	7.34151
-0.0632734	0.60739	7.35005
-0.0632734	0.60739	7.35847
-0.0632734	0.60739	7.36682
-0.0632734	0.60739	7.37524
-0.0632734	0.60739	7.38382
-0.0632734	0.60739	7.39239
-0.0632734	0.60739	7.40066
-0.097582	0.642981	7.40902
-0.097582	0.642981	7.41739
-0.097582	0.642981	7.42593
-0.097582	0.642981	7.43444
-0.097582	0.642981	7.44287
-0.097582	0.642981	7.45142
-0.097582	0.642981	7.45999
-0.097582	0.642981	7.46827
-0.097582	0.642981	7.47668
-0.097582	0.642981	7.48526
-0.0940617	0.637145	7.49362
-0.0940617	0.637145	7.50202
-0.0940617	0.637145	7.51045
-0.0940617	0.637145	7.51878
-0.0940617	0.637145	7.52726
-0.0940617	0.637145	7.53564
-0.0940617	0.637145	7.54407
-0.0940617	0.637145	7.55255
-0.0940617	0.637145	7.56101
-0.0939303	0.636942	7.56942
-0.0939303	0.636942	7.57773
-0.0939303	0.636942	7.5862
-0.0939303	0.636942	7.5946
-0.0939303	0.636942	7.60296
-0.0939303	0.636942	7.61138
-0.0939303	0.636942	7.61972
-0.0939303	0.636942	7.62818
-0.0939303	0.636942	7.63649
-0.0939303	0.636942	7.64491
-0.0940602	0.637252	7.65341
-0.0940602	0.637252	7.66202
-0.0940602	0.637252	7.67042
-0.0940602	0.637252	7.67877
-0.0940602	0.637252	7.68713
-0.0940602	0.637252	7.69578
-0.0940602	0.637252	7.70423
-0.0940602	0.637252	7.71269
-0.0940602	0.637252	7.72118
-0.0930503	0.636381	7.72975
-0.0930503	0.636381	7.73809
-0.0930503	0.636381	7.74649
-0.0930503	0.636381	7.75487
-0.0930503	0.636381	7.76338
-0.0930503	0.636381	7.77182
-0.0930503	0.636381	7.78039
-0.0930503	0.636381	7.78889
-0.0930503	0.636381	7.79752
-0.0930503	0.636381	7.80598
-0.0932669	0.63661	7.81443
-0.0932669	0.63661	7.8228
-0.0932669	0.63661	7.83122
-0.0932669	0.63661	7.83972
-0.0932669	0.63661	7.84824
-0.0932669	0.63661	7.85686
-0.0932669	0.63661	7.86549
-0.0932669	0.63661	7.87418
-0.0932669	0.63661	7.88256
-0.0931877	0.635996	7.89118
-0.0931877	0.635996	7.89982
-0.0931877	0.635996	7.90833
-0.0931877	0.635996	7.9167
-0.0931877	0.635996	7.92527
-0.0931877	0.635996	7.93392
-0.0931877	0.635996	7.94245
-0.0931877	0.635996	7.951
-0.0931877	0.635996	7.95953
-0.0932437	0.635715	7.96797
-0.0932437	0.635715	7.97661
-0.0932437	0.635715	7.98517
-0.0932437	0.635715	7.99366
-0.0932437	0.635715	8.00211
-0.0932437	0.635715	8.01033
-0.0932437	0.635715	8.01869
-0.0932437	0.635715	8.02707
-0.0932437	0.635715	8.03552
-0.0932437	0.635715	8.04382
-0.0717192	0.627799	8.05233
-0.0717192	0.627799	8.06069
-0.0717192	0.627799	8.0692
-0.0717192	0.627799	8.07764
-0.0717192	0.627799	8.08592
-0.0717192	0.627799	8.09455
-0.0717192	0.627799	8.10297
-0.0717192	0.627799	8.1116
-0.0717192	0.627799	8.12008
-0.0579175	0.635719	8.12849
-0.0579175	0.635719	8.1368
-0.0579175	0.635719	8.14511
-0.0579175	0.635719	8.15364
-0.0579175	0.635719	8.16229
-0.0579175	0.635719	8.17066
-0.0579175	0.635719	8.179
-0.0579175	0.635719	8.18732
-0.0579175	0.635719	8.19573
-0.0579175	0.635719	8.20416
-0.0856927	0.609816	8.21255
-0.0856927	0.609816	8.22089
-0.0856927	0.609816	8.22922
-0.0856927	0.609816	8.23779
-0.0856927	0.609816	8.24619
-0.0856927	0.609816	8.25454
-0.0856927	0.609816	8.26298
-0.0856927	0.609816	8.2716
-0.0856927	0.609816	8.27995
-0.0856927	0.609816	8.28839
-0.0923588	0.597796	8.29685
-0.0923588	0.597796	8.30534
-0.0923588	0.597796	8.31393
-0.0923588	0.597796	8.3224
-0.0923588	0.597796	8.33082
-0.0923588	0.597796	8.3392
-0.0923588	0.597796	8.34767
-0.0923588	0.597796	8.35614
-0.0923588	0.597796	8.36451
-0.0966009	0.598443	8.37294
-0.0966009	0.598443	8.38138
-0.0966009	0.598443	8.38987
-0.0966009	0.598443	8.39837
-0.0966009	0.598443	8.40669
-0.0966009	0.598443	8.4152
-0.0966009	0.598443	8.42364
-0.0966009	0.598443	8.43214
-0.0966009	0.598443	8.44063
-0.0966009	0.598443	8.44917
-0.103228	0.602286	8.4575
-0.103228	0.602286	8.46588
-0.103228	0.602286	8.4744
-0.103228	0.602286	8.48275
-0.103228	0.602286	8.49107
-0.103228	0.602286	8.49954
-0.103228	0.602286	8.50794
-0.103228	0.602286	8.51643
-0.103228	0.602286	8.52488
-0.0844477	0.620168	8.53349
-0.0844477	0.620168	8.54194
-0.0844477	0.620168	8.55042
-0.0844477	0.620168	8.55886
-0.0844477	0.620168	8.56724
-0.0844477	0.620168	8.57571
-0.0844477	0.620168	8.58416
-0.0844477	0.620168	8.59258
-0.0844477	0.620168	8.60098
-0.0844477	0.620168	8.60926
-0.0641772	0.648148	8.61784
-0.0641772	0.648148	8.62631
-0.0641772	0.648148	8.63476
-0.0641772	0.648148	8.64339
-0.0641772	0.648148	8.65175
-0.0641772	0.648148	8.66017
-0.0641772	0.648148	8.66859
-0.0641772	0.648148	8.67709
-0.0641772	0.648148	8.6856
-0.0515086	0.661195	8.69409
-0.0515086	0.661195	8.70255
-0.0515086	0.661195	8.71103
-0.0515086	0.661195	8.71936
-0.0515086	0.661195	8.72782
-0.0515086	0.661195	8.73631
-0.0515086	0.661195	8.74479
-0.0515086	0.661195	8.75334
-0.0515086	0.661195	8.76177
-0.0515086	0.661195	8.77018
-0.0531096	0.658737	8.77852
-0.0531096	0.658737	8.78714
-0.0531096	0.658737	8.79558
-0.0531096	0.658737	8.804
-0.0531096	0.658737	8.81238
-0.0531096	0.658737	8.82071
-0.0531096	0.658737	8.82902
-0.0531096	0.658737	8.83731
-0.0531096	0.658737	8.8457
-0.0952604	0.623636	8.85406
-0.0952604	0.623636	8.86257
-0.0952604	0.623636	8.87113
-0.0952604	0.623636	8.87967
-0.0952604	0.623636	8.88801
-0.0952604	0.623636	8.89644
-0.0952604	0.623636	8.90488
-0.0952604	0.623636	8.91333
-0.0952604	0.623636	8.92171
-0.0952604	0.623636	8.93002
-0.120358	0.629478	8.93857
-0.120358	0.629478	8.94691
-0.120358	0.629478	8.95539
-0.120358	0.629478	8.96383
-0.120358	0.629478	8.97223
-0.120358	0.629478	8.98064
-0.120358	0.629478	8.98922
-0.120358	0.629478	8.99761
-0.120358	0.629478	9.0059
-0.14234	0.631457	9.01424
-0.14234	0.631457	9.02258
-0.14234	0.631457	9.03094
-0.14234	0.631457	9.03928
-0.14234	0.631457	9.04762
-0.14234	0.631457	9.05599
-0.14234	0.631457	9.06435
-0.14234	0.631457	9.07279
-0.14234	0.631457	9.08128
-0.14234	0.631457	9.08971
-0.140345	0.630349	9.09829
-0.140345	0.630349	9.10687
-0.140345	0.630349	9.11523
-0.140345	0.630349	9.12373
-0.140345	0.630349	9.13215
-0.140345	0.630349	9.14054
-0.140345	0.630349	9.14889
-0.140345	0.630349	9.15721
-0.140345	0.630349	9.16576
-0.140738	0.630825	9.17427
-0.140738	0.630825	9.18276
-0.140738	0.630825	9.19113
-0.140738	0.630825	9.19981
-0.140738	0.630825	9.20839
-0.140738	0.630825	9.21674
-0.140738	0.630825	9.22515
-0.140738	0.630825	9.23358
-0.140738	0.630825	9.24197
-0.140738	0.630825	9.25042
-0.139809	0.631027	9.25885
-0.139809	0.631027	9.26718
-0.139809	0.631027	9.27559
-0.139809	0.631027	9.28392
-0.139809	0.631027	9.29217
-0.139809	0.631027	9.30074
-0.139809	0.631027	9.30934
-0.139809	0.631027	9.31793
-0.139809	0.631027	9.32629
-0.140337	0.63046	9.3348
-0.140337	0.63046	9.34323
-0.140337	0.63046	9.35159
-0.140337	0.63046	9.36015
-0.140337	0.63046	9.36857
-0.140337	0.63046	9.37714
-0.140337	0.63046	9.38569
-0.140337	0.63046	9.3943
-0.140337	0.63046	9.40295
-0.140012	0.630191	9.41153
-0.140012	0.630191	9.42
-0.140012	0.630191	9.42835
-0.140012	0.630191	9.43677
-0.140012	0.630191	9.44537
-0.140012	0.630191	9.45386
-0.140012	0.630191	9.46226
-0.140012	0.630191	9.4706
-0.140012	0.630191	9.47891
-0.140012	0.630191	9.48733
-0.139678	0.629756	9.49577
-0.139678	0.629756	9.50421
-0.139678	0.629756	9.51286
-0.139678	0.629756	9.52127
-0.139678	0.629756	9.52969
-0.139678	0.629756	9.5381
-0.139678	0.629756	9.54657
-0.139678	0.629756	9.5551
-0.139678	0.629756	9.5636
-0.139288	0.62951	9.57212
-0.139288	0.62951	9.58058
-0.139288	0.62951	9.58911
-0.139288	0.62951	9.59741
-0.139288	0.62951	9.60586
-0.139288	0.62951	9.61423
-0.139288	0.62951	9.62275
-0.139288	0.62951	9.63129
-0.139288	0.62951	9.63988
-0.139288	0.62951	9.64825
-0.126774	0.631521	9.65662
-0.126774	0.631521	9.66499
-0.126774	0.631521	9.67344
-0.126774	0.631521	9.68187
-0.126774	0.631521	9.69031
-0.126774	0.631521	9.69872
-0.126774	0.631521	9.70711
-0.126774	0.631521	9.71558
-0.126774	0.631521	9.72408
-0.13505	0.631477	9.73247
-0.13505	0.631477	9.74113
-0.13505	0.631477	9.74964
-0.13505	0.631477	9.75816
-0.13505	0.631477	9.76668
-0.13505	0.631477	9.77519
-0.13505	0.631477	9.78377
-0.13505	0.631477	9.79238
-0.13505	0.631477	9.80076
-0.13505	0.631477	9.80918
-0.15561	0.625842	9.81754
-0.15561	0.625842	9.826
-0.15561	0.625842	9.83435
-0.15561	0.625842	9.84277
-0.15561	0.625842	9.85132
-0.15561	0.625842	9.85984
-0.15561	0.625842	9.8683
-0.15561	0.625842	9.87674
-0.15561	0.625842	9.88526
-0.162503	0.62048	9.89373
-0.162503	0.62048	9.90225
-0.162503	0.62048	9.91072
-0.162503	0.62048	9.91911
-0.162503	0.62048	9.92754
-0.162503	0.62048	9.93585
-0.162503	0.62048	9.94434
-0.162503	0.62048	9.9528
-0.162503	0.62048	9.96132
-0.162503	0.62048	9.9697
-0.169183	0.61599	9.97803
-0.169183	0.61599	9.98642
-0.169183	0.61599	9.99478
-0.169183	0.61599	10.0032
-0.169183	0.61599	10.0116
-0.169183	0.61599	10.0199
-0.169183	0.61599	10.0283
-0.169183	0.61599	10.0369
-0.169183	0.61599	10.0453
-0.189465	0.628552	10.0536
-0.189465	0.628552	10.0621
-0.189465	0.628552	10.0705
-0.189465	0.628552	10.0791
-0.189465	0.628552	10.0876
-0.189465	0.628552	10.0959
-0.189465	0.628552	10.1044
-0.189465	0.628552	10.1129
-0.189465	0.628552	10.1213
-0.189465	0.628552	10.1298
-0.184355	0.67523	10.1383
-0.184355	0.67523	10.1467
-0.184355	0.67523	10.1551
-0.184355	0.67523	10.1636
-0.184355	0.67523	10.172
-0.184355	0.67523	10.1806
-0.184355	0.67523	10.1891
-0.184355	0.67523	10.1976
-0.184355	0.67523	10.2061
-0.181857	0.686179	10.2145
-0.181857	0.686179	10.223
-0.181857	0.686179	10.2313
-0.181857	0.686179	10.2397
-0.181857	0.686179	10.248
-0.181857	0.686179	10.2563
-0.181857	0.686179	10.2647
-0.181857	0.686179	10.2731
-0.181857	0.686179	10.2816
-0.181857	0.686179	10.29
-0.184346	0.671298	10.2984
-0.184346	0.671298	10.3069
-0.184346	0.671298	10.3153
-0.184346	0.671298	10.3238
-0.184346	0.671298	10.3323
-0.184346	0.671298	10.3407
-0.184346	0.671298	10.349
-0.184346	0.671298	10.3572
-0.184346	0.671298	10.3657
-0.183677	0.659012	10.3742
-0.183677	0.659012	10.3826
-0.183677	0.659012	10.3911
-0.183677	0.659012	10.3995
-0.183677	0.659012	10.4078
-0.183677	0.659012	10.4162
-0.183677	0.659012	10.4247
-0.183677	0.659012	10.4333
-0.183677	0.659012	10.4416
-0.183677	0.659012	10.45
-0.174815	0.685367	10.459
-0.174815	0.685367	10.4675
-0.174815	0.685367	10.4758
-0.174815	0.685367	10.4842
-0.174815	0.685367	10.4927
-0.174815	0.685367	10.5013
-0.174815	0.685367	10.5098
-0.174815	0.685367	10.5182
-0.174815	0.685367	10.5265
-0.178887	0.684528	10.5349
-0.178887	0.684528	10.5435
-0.178887	0.684528	10.5519
-0.178887	0.684528	10.5603
-0.178887	0.684528	10.5687
-0.178887	0.684528	10.5769
-0.178887	0.684528	10.5854
-0.178887	0.684528	10.5937
-0.178887	0.684528	10.602
-0.178887	0.684528	10.6105
-0.189946	0.680156	10.619
-0.189946	0.680156	10.6273
-0.189946	0.680156	10.6357
-0.189946	0.680156	10.6442
-0.189946	0.680156	10.6525
-0.189946	0.680156	10.6611
-0.189946	0.680156	10.6695
-0.189946	0.680156	10.6778
-0.189946	0.680156	10.6862
-0.224073	0.673239	10.6946
-0.224073	0.673239	10.7029
-0.224073	0.673239	10.7114
-0.224073	0.673239	10.7198
-0.224073	0.673239	10.7281
-0.224073	0.673239	10.7366
-0.224073	0.673239	10.7451
-0.224073	0.673239	10.7534
-0.224073	0.673239	10.7619
-0.224073	0.673239	10.7704
-0.21715	0.656866	10.7788
-0.21715	0.656866	10.7873
-0.21715	0.656866	10.7957
-0.21715	0.656866	10.8041
-0.21715	0.656866	10.8125
-0.21715	0.656866	10.821
-0.21715	0.656866	10.8295
-0.21715	0.656866	10.8379
-0.21715	0.656866	10.8462
-0.212067	0.655862	10.8547
-0.212067	0.655862	10.8631
-0.212067	0.655862	10.8715
-0.212067	0.655862	10.88
-0.212067	0.655862	10.8884
-0.212067	0.655862	10.8967
-0.212067	0.655862	10.9051
-0.212067	0.655862	10.9135
-0.212067	0.655862	10.9219
-0.212067	0.655862	10.9304
-0.21156	0.655747	10.9388
-0.21156	0.655747	10.9472
-0.21156	0.655747	10.9556
-0.21156	0.655747	10.9641
-0.21156	0.655747	10.9725
-0.21156	0.655747	10.9811
-0.21156	0.655747	10.9897
-0.21156	0.655747	10.9981
-0.21156	0.655747	11.0065
-0.211093	0.65551	11.0151
-0.211093	0.65551	11.0236
-0.211093	0.65551	11.0322
-0.211093	0.65551	11.0408
-0.211093	0.65551	11.0493
-0.211093	0.65551	11.0578
-0.211093	0.65551	11.0664
-0.211093	0.65551	11.0748
-0.211093	0.65551	11.0834
-0.210851	0.655396	11.0919
-0.210851	0.655396	11.1004
-0.210851	0.655396	11.1089
-0.210851	0.655396	11.1175
-0.210851	0.655396	11.1259
-0.210851	0.655396	11.1342
-0.210851	0.655396	11.1428
-0.210851	0.655396	11.1512
-0.210851	0.655396	11.1598
-0.210851	0.655396	11.1683
-0.190736	0.669916	11.1767
-0.190736	0.669916	11.1851
-0.190736	0.669916	11.1936
-0.190736	0.669916	11.202
-0.190736	0.669916	11.2104
-0.190736	0.669916	11.2187
-0.190736	0.669916	11.2272
-0.190736	0.669916	11.2356
-0.190736	0.669916	11.2441
-0.182298	0.682855	11.2525
-0.182298	0.682855	11.2609
-0.182298	0.682855	11.2693
-0.182298	0.682855	11.2777
-0.182298	0.682855	11.2862
-0.182298	0.682855	11.2946
-0.182298	0.682855	11.303
-0.182298	0.682855	11.3114
-0.182298	0.682855	11.32
-0.182298	0.682855	11.3286
-0.185989	0.668905	11.3371
-0.185989	0.668905	11.3455
-0.185989	0.668905	11.354
-0.185989	0.668905	11.3624
-0.185989	0.668905	11.3708
-0.185989	0.668905	11.3791
-0.185989	0.668905	11.3875
-0.185989	0.668905	11.396
-0.185989	0.668905	11.4044
-0.179307	0.644098	11.4127
-0.179307	0.644098	11.4213
-0.179307	0.644098	11.4296
-0.179307	0.644098	11.438
-0.179307	0.644098	11.4464
-0.179307	0.644098	11.4548
-0.179307	0.644098	11.4632
-0.179307	0.644098	11.4716
-0.179307	0.644098	11.4799
-0.179307	0.644098	11.4883
-0.174477	0.63966	11.4968
-0.174477	0.63966	11.5053
-0.174477	0.63966	11.5138
-0.174477	0.63966	11.5224
-0.174477	0.63966	11.531
-0.174477	0.63966	11.5394
-0.174477	0.63966	11.5479
-0.174477	0.63966	11.5564
-0.174477	0.63966	11.5648
-0.179875	0.635638	11.5733
-0.179875	0.635638	11.5818
-0.179875	0.635638	11.5902
-0.179875	0.635638	11.5987
-0.179875	0.635638	11.6073
-0.179875	0.635638	11.6157
-0.179875	0.635638	11.6241
-0.179875	0.635638	11.6326
-0.179875	0.635638	11.6411
-0.179875	0.635638	11.6496
-0.189132	0.674121	11.6583
-0.189132	0.674121	11.6668
-0.189132	0.674121	11.6752
-0.189132	0.674121	11.6836
-0.189132	0.674121	11.692
-0.189132	0.674121	11.7003
-0.189132	0.674121	11.7086
-0.189132	0.674121	11.7169
-0.189132	0.674121	11.7254
-0.199835	0.695587	11.7338
-0.199835	0.695587	11.7424
-0.199835	0.695587	11.7509
-0.199835	0.695587	11.7594
-0.199835	0.695587	11.7677
-0.199835	0.695587	11.7761
-0.199835	0.695587	11.7845
-0.199835	0.695587	11.793
-0.199835	0.695587	11.8013
-0.199835	0.695587	11.8096
-0.202488	0.705344	11.8181
-0.202488	0.705344	11.8265
-0.202488	0.705344	11.835
-0.202488	0.705344	11.8434
-0.202488	0.705344	11.852
-0.202488	0.705344	11.8603
-0.202488	0.705344	11.8688
-0.202488	0.705344	11.8771
-0.202488	0.705344	11.8855
-0.199352	0.697076	11.8938
-0.199352	0.697076	11.9023
-0.199352	0.697076	11.9108
-0.199352	0.697076	11.9192
-0.199352	0.697076	11.9278
-0.199352	0.697076	11.9363
-0.199352	0.697076	11.9448
-0.199352	0.697076	11.9534
-0.199352	0.697076	11.9619
-0.199352	0.697076	11.9704
-0.175337	0.692011	11.9789
-0.175337	0.692011	11.9873
-0.175337	0.692011	11.9956
